objName,objAltName1,objAltName2,objAltName3,objID,uniquePspsOBid,ippObjID,surveyID,htmID,zoneID,tessID,projectionID,skyCellID,randomID,batchID,dvoRegionID,processingVersion,objInfoFlag,qualityFlag,raStack,decStack,raStackErr,decStackErr,raMean,decMean,raMeanErr,decMeanErr,epochMean,posMeanChisq,cx,cy,cz,lambda,beta,l,b,nStackObjectRows,nStackDetections,nDetections,ng,nr,ni,nz,ny,uniquePspsSTid,primaryDetection_x,bestDetection,gippDetectID,gstackDetectID,gstackImageID,gra,gdec,graErr,gdecErr,gEpoch,gPSFMag,gPSFMagErr,gApMag,gApMagErr,gKronMag,gKronMagErr,ginfoFlag,ginfoFlag2,ginfoFlag3,gnFrames,gxPos,gyPos,gxPosErr,gyPosErr,gpsfMajorFWHM,gpsfMinorFWHM,gpsfTheta,gpsfCore,gpsfLikelihood,gpsfQf,gpsfQfPerfect,gpsfChiSq,gmomentXX,gmomentXY,gmomentYY,gmomentR1,gmomentRH,gPSFFlux,gPSFFluxErr,gApFlux,gApFluxErr,gApFillFac,gApRadius,gKronFlux,gKronFluxErr,gKronRad,gexpTime,gExtNSigma,gsky,gskyErr,gzp,gPlateScale,rippDetectID,rstackDetectID,rstackImageID,rra,rdec,rraErr,rdecErr,rEpoch,rPSFMag,rPSFMagErr,rApMag,rApMagErr,rKronMag,rKronMagErr,rinfoFlag,rinfoFlag2,rinfoFlag3,rnFrames,rxPos,ryPos,rxPosErr,ryPosErr,rpsfMajorFWHM,rpsfMinorFWHM,rpsfTheta,rpsfCore,rpsfLikelihood,rpsfQf,rpsfQfPerfect,rpsfChiSq,rmomentXX,rmomentXY,rmomentYY,rmomentR1,rmomentRH,rPSFFlux,rPSFFluxErr,rApFlux,rApFluxErr,rApFillFac,rApRadius,rKronFlux,rKronFluxErr,rKronRad,rexpTime,rExtNSigma,rsky,rskyErr,rzp,rPlateScale,iippDetectID,istackDetectID,istackImageID,ira,idec,iraErr,idecErr,iEpoch,iPSFMag,iPSFMagErr,iApMag,iApMagErr,iKronMag,iKronMagErr,iinfoFlag,iinfoFlag2,iinfoFlag3,inFrames,ixPos,iyPos,ixPosErr,iyPosErr,ipsfMajorFWHM,ipsfMinorFWHM,ipsfTheta,ipsfCore,ipsfLikelihood,ipsfQf,ipsfQfPerfect,ipsfChiSq,imomentXX,imomentXY,imomentYY,imomentR1,imomentRH,iPSFFlux,iPSFFluxErr,iApFlux,iApFluxErr,iApFillFac,iApRadius,iKronFlux,iKronFluxErr,iKronRad,iexpTime,iExtNSigma,isky,iskyErr,izp,iPlateScale,zippDetectID,zstackDetectID,zstackImageID,zra,zdec,zraErr,zdecErr,zEpoch,zPSFMag,zPSFMagErr,zApMag,zApMagErr,zKronMag,zKronMagErr,zinfoFlag,zinfoFlag2,zinfoFlag3,znFrames,zxPos,zyPos,zxPosErr,zyPosErr,zpsfMajorFWHM,zpsfMinorFWHM,zpsfTheta,zpsfCore,zpsfLikelihood,zpsfQf,zpsfQfPerfect,zpsfChiSq,zmomentXX,zmomentXY,zmomentYY,zmomentR1,zmomentRH,zPSFFlux,zPSFFluxErr,zApFlux,zApFluxErr,zApFillFac,zApRadius,zKronFlux,zKronFluxErr,zKronRad,zexpTime,zExtNSigma,zsky,zskyErr,zzp,zPlateScale,yippDetectID,ystackDetectID,ystackImageID,yra,ydec,yraErr,ydecErr,yEpoch,yPSFMag,yPSFMagErr,yApMag,yApMagErr,yKronMag,yKronMagErr,yinfoFlag,yinfoFlag2,yinfoFlag3,ynFrames,yxPos,yyPos,yxPosErr,yyPosErr,ypsfMajorFWHM,ypsfMinorFWHM,ypsfTheta,ypsfCore,ypsfLikelihood,ypsfQf,ypsfQfPerfect,ypsfChiSq,ymomentXX,ymomentXY,ymomentYY,ymomentR1,ymomentRH,yPSFFlux,yPSFFluxErr,yApFlux,yApFluxErr,yApFillFac,yApRadius,yKronFlux,yKronFluxErr,yKronRad,yexpTime,yExtNSigma,ysky,yskyErr,yzp,yPlateScale,distance,SkyMapper_StarClass,gelong,g_a,g_b,g_pa,relong,r_a,r_b,r_pa,ielong,i_a,i_b,i_pa,zelong,z_a,z_b,z_pa,primaryDetection_y,gpetR90,rpetR90,ipetR90,zpetR90,ypetR90,NED_name,NED_type,NED_vel,NED_redshift,NED_mag,NED_redshift_flag,i-z,g-r,r-i,g-i,z-y,g-rErr,r-iErr,i-zErr,z-yErr,gApMag_gKronMag,rApMag_rKronMag,iApMag_iKronMag,zApMag_zKronMag,yApMag_yKronMag,7DCD,hasSimbad,class,dist/DLR,dist,TransientClass,TransientName,TransientRA,TransientDEC
PSO J125808.047-162714.145,,,,88251945335055699,1035554000077184,461348207144324,0,11268888049029,8825,1,926,80,0.744612696342741,1035554,107416,3,444915712,53,194.53353042,-16.45392937,0.0010000000474974,0.0010000000474974,194.5335439,-16.45392342,0.0052700000815093,0.0080399997532367,56193.70980324,6.379899978637695,-0.9283591487998312,-0.2406699491670795,-0.2832441815952597,199.7589343929782,-9.447188822156797,305.2598011591007,46.38755644313262,,5,73,12,23,15,9,14,1080640000003424,1,1,2632.0,2.523032608728681e+18,3787940.0,194.53355134,-16.45394764,0.0034518300089985,0.0032915798947215,56002.3916656,19.12579917907715,0.006426999811083,17.920799255371094,0.001408000010997,16.358999252319336,0.0032510000746697,262160391.0,1572992.0,196608.0,10.0,1911.0999755859373,5039.18017578125,0.0138072995468974,0.0131663000211119,1.25600004196167,1.2269699573516846,-2.1509499549865723,0.3282960057258606,0.0,0.9987760186195374,0.9987760186195374,59.23310089111328,0.3848600089550018,-0.0086226100102067,0.4396739900112152,5.948880195617676,1.2580900192260742,8.12208018032834e-05,5.220309731157613e-07,0.0002464140125084,3.470699994068127e-07,0.8996679782867432,3.0,0.0010384599445387,3.375999995114398e-06,14.872200012207031,810.0,45.028099060058594,8.51775006083244e-09,5.331510237738257e-07,24.97130012512207,0.25,2632,2522939999838538312,3442945,194.53354026,-16.45392937,0.0016442500054836,0.0015414400259032,56535.1747369,18.571199417114254,0.0033660000190138,17.455799102783203,0.0009130000253207,15.89009952545166,0.002858999883756,262160391,1572992,196608,22,1911.239990234375,5039.5,0.0065770298242568,0.0061658001504838,1.20756995677948,1.1576299667358398,15.725299835205078,0.2972609996795654,0.0,0.9982500076293944,0.9982500076293944,131.1300048828125,0.3196299970149994,-0.0054827500134706,0.3691860139369964,6.149429798126221,1.2010999917984009,0.000135374997626,4.557130068860715e-07,0.0003781729901675,3.454159980265104e-07,0.8786410093307495,2.7499899864196777,0.0015993899432942,4.572299985738937e-06,15.373600006103516,1232.0,34.368099212646484,3.0150800967021496e-08,5.889489784749458e-07,25.00819969177246,0.2499990016222,2632,2522940187743357512,3443645,194.53353031,-16.45392164,0.001762320054695,0.0016941099893301,56086.8573854,18.23929977416992,0.0039710002020001,17.08639907836914,0.0008939999970607,15.69950008392334,0.0031250000465661,262160391,1572992,196608,15,1911.3900146484373,5039.58984375,0.007049289997667,0.0067764199338853,1.076810002326965,1.040429949760437,19.63409996032715,0.5854259729385376,0.0,0.9995520114898682,0.9995520114898682,92.54209899902344,0.2846480011940002,-0.0039458298124372,0.3313080072402954,5.752180099487305,1.1620899438858032,0.0001837729942053,7.29829025658546e-07,0.0005314309964887,4.7510201284239894e-07,0.8839020133018494,2.75,0.0019063899526372,5.957289886282524e-06,14.380399703979492,925.0,30.46419906616211,2.7830999727029848e-08,9.143349757323448e-07,24.999900817871094,0.25,2632,2523026444645304904,3764977,194.53353042,-16.4539184,0.0030924200545996,0.0029300099704414,55956.6254435,18.09630012512207,0.0068490002304315,17.00309944152832,0.001098999986425,15.539199829101562,0.0040870001539587,262160391,524416,196608,7,1911.3900146484373,5039.6201171875,0.0123696997761726,0.0117199998348951,1.0649800300598145,1.0409599542617798,-71.693603515625,0.4324109852313995,0.0,0.9977539777755736,0.9977539777755736,43.76060104370117,0.2779060006141662,-0.0061787399463355,0.3200219869613647,5.46668004989624,1.1537799835205078,0.0002096459938911,1.4359200122271432e-06,0.0005737849860452,6.307919875325751e-07,0.872169017791748,2.5,0.0022096300963312,9.029849934449883e-06,13.66670036315918,570.0,33.747501373291016,3.460360176177346e-08,1.5248899671860272e-06,25.01420021057129,0.25,2632.0,2.523041551387462e+18,3821254.0,194.53352209,-16.45394093,0.0040303100831806,0.0037880199961364,55857.3419969,17.913299560546875,0.009541000239551,16.832799911499023,0.0009590000263415,15.466099739074709,0.0066700000315904,262160391.0,524416.0,196608.0,14.0,1911.52001953125,5039.2900390625,0.0161211993545293,0.0151520995423197,1.0096900463104248,0.950314998626709,-71.68409729003906,0.8871999979019165,0.0,0.9964889883995056,0.9964889883995056,16.468599319458008,0.2721219956874847,-0.0027064899913966,0.3187989890575409,4.502560138702393,1.1485400199890137,0.0002481309929862,2.3674599560763454e-06,0.0006712580216117,6.43437999769958e-07,0.8658030033111572,2.5,0.0023635399993509,1.5763900591991842e-05,11.256400108337402,690.0,32.905399322509766,1.903510025158539e-07,3.555370085450704e-06,24.98040008544922,0.25,0.0037329798031802,,,,,,,,,,,,,,,,,,1,15.2773,15.6114,14.8771,16.0695,25.896,,,,,,,0.08329963684082031,0.4650001525878906,0.3694000244140625,0.8344001770019531,0.17029953002929688,0.0016781040126294768,0.0012778126001022727,0.0014166993205711232,0.0014585890513387067,1.5618000030517578,1.565699577331543,1.3868989944458008,1.4638996124267578,1.3667001724243146,38.77688768907562,1,False,0.9762224763298218,13.549980869098391,NaN,ZTF20acxzlrc,194.5323562176573,-16.45751081765536
PSO J035218.679-161101.803,,,,88570580778839793,937476000012184,445559907299223,0,9442445546395,8857,1,894,96,0.816181274891069,937476,103740,3,436527104,52,58.07782948,-16.18383431,0.0010000000474974,0.0010000000474974,58.07785137,-16.18385178,0.0392099991440773,0.0545599982142448,56486.15347222,1.674299955368042,0.5078126683653159,0.8151326313773914,-0.2787204461668846,51.43839398989617,-35.44788048131208,207.8674042760516,-46.816220018627625,,5,23,0,5,14,2,2,1047708000006121,1,1,2204.0,2.523130526735272e+18,4152713.0,58.07788604,-16.1838316,0.0977326035499572,0.0941085964441299,56269.7800267,22.877700805664062,0.1621190011501312,22.363800048828125,0.0116100003942847,22.59259986877441,0.1894319951534271,195035141.0,655360.0,196608.0,7.0,1736.199951171875,3278.2099609375,0.3909310102462768,0.3764350116252899,1.4924399852752686,1.4268300533294678,-88.8678970336914,0.0427239015698432,0.2213589996099472,0.9982190132141112,0.9982190132141112,1.1970800161361694,0.2503829896450043,0.0259208008646965,0.3176490068435669,1.0999000072479248,0.8013299703598022,2.5640599687903887e-06,4.156829902512982e-07,4.116030140721705e-06,4.7787398926857356e-08,0.9059590101242064,3.25,3.3338099001412047e-06,6.315319751593051e-07,2.7497599124908447,688.0,1.2229199409484863,-1.596930054859058e-08,5.714899771191995e-07,25.0,0.25,2204,2523132547785820316,4160242,58.07782948,-16.18383431,0.0340931005775928,0.032720398157835,56503.3310084,21.841100692749023,0.0642340034246444,21.553300857543945,0.0066720000468194,21.6830997467041,0.0789429992437362,195035141,655360,196608,15,1736.9599609375,3278.199951171875,0.1363719999790191,0.1308809965848922,1.3136999607086182,1.2744899988174438,15.288800239562988,0.5026909708976746,0.0259670000523328,0.9980310201644896,0.9980310201644896,1.362280011177063,0.2879169881343841,0.0587872005999088,0.2597079873085022,1.0442800521850586,0.7417700290679932,6.661090083071031e-06,4.2786800236171995e-07,8.683489795657806e-06,5.793589963332124e-08,0.9097260236740112,3.2500100135803223,7.704479685344268e-06,6.082129857531982e-07,2.6107099056243896,1000.0,2.2267000675201416,2.215920069659205e-08,6.000980192766292e-07,24.996999740600582,0.2500010132789612,2204,2523131726104889500,4157181,58.07786556,-16.18387464,0.0194828007370233,0.0188485998660326,56471.3573269,21.41710090637207,0.0420660004019737,21.223100662231445,0.0049809999763965,21.324899673461918,0.0610879994928836,262160391,655488,196608,18,1736.469970703125,3277.639892578125,0.0779312029480934,0.0753943994641304,1.0944199562072754,1.0520600080490112,7.329050064086914,0.431080013513565,0.0009217340266332,0.9981099963188172,0.9981099963188172,1.2233699560165403,0.1907850056886673,0.0161981992423534,0.1857340037822723,0.9177770018577576,0.7609509825706482,9.843840416579042e-06,4.1408799233977334e-07,1.1769499906222336e-05,5.862009899715304e-08,0.8689860105514526,2.5,1.0716000360844191e-05,6.546189865730412e-07,2.294440031051636,1350.0,3.313390016555786,9.182230087390051e-09,7.354469744313974e-07,25.013500213623047,0.25,2204,2523129397964179612,4148508,58.07782675,-16.18383146,0.034656599164009,0.0329442992806434,55889.5143424,21.2185001373291,0.0805670022964477,20.91860008239746,0.0064860000275075,21.102399826049805,0.1128190010786056,195035141,655360,196608,10,1737.0,3278.239990234375,0.1386259943246841,0.1317770034074783,0.9924150109291076,0.9827979803085328,-30.593900680541992,0.5882819890975952,0.0216256007552146,0.9964159727096558,0.9964159727096558,1.256749987602234,0.1557140052318573,0.0214016009122133,0.1886399984359741,0.9030709862709044,0.713126003742218,1.181980042019859e-05,9.522839832243336e-07,1.5579800674458966e-05,1.0105699743689912e-07,0.8817179799079895,2.5,1.3153299732948652e-05,1.4839399682387011e-06,2.2576799392700195,600.0,2.296880006790161,-4.4292600698270235e-09,1.5279499621101422e-06,25.02519989013672,0.25,2204.0,2.5231315084037345e+18,4156370.0,58.07781262,-16.18384475,0.0384752005338668,0.0364639014005661,56048.8695912,20.71380043029785,0.1011179983615875,20.54490089416504,0.0050960001535713,20.718799591064453,0.152548998594284,195035141.0,655360.0,196608.0,12.0,1737.18994140625,3278.050048828125,0.153900995850563,0.1458559930324554,0.8276219964027405,0.796176016330719,-86.05149841308594,0.8883439898490906,0.4594059884548187,0.9959400296211244,0.9959400296211244,1.1799700260162354,0.1088080033659935,-0.0004148969892412,0.1112470030784607,0.7960919737815857,0.5770270228385925,1.881309981399681e-05,1.902350049931556e-06,2.1980700694257397e-05,1.12018000208991e-07,0.8645449876785278,2.25,1.872780012490693e-05,2.856899982361938e-06,1.9902299642562864,700.0,0.7398260235786438,9.668799805240269e-08,3.3730500490491977e-06,25.062299728393555,0.25,0.0026138863544219,,,,,,,,,,,,,,,,,,1,3.74127,2.04383,4.40346,3.24333,1.2731,,,,,,,0.3045005798339844,0.8104991912841797,0.3302001953125,1.1406993865966797,0.3736991882324219,0.013390582279350251,0.008326220354375687,0.008177931102772219,0.008248479491519998,-0.2287998199462855,-0.12979888916015625,-0.1017990112304723,-0.18379974365234375,-0.17389869689941406,12.750370537410209,0,False,2.8590303708210576,9.411810645505293,NaN,ZTF20acisymk,58.07646628214341,-16.181601092868277
PSO J205656.051-145413.917,,,,90113142336145709,1020168000013101,437816081265453,0,13052889523533,9011,1,1043,26,0.693311640707135,1020168,101937,3,444915712,53,314.23354816,-14.90386591,0.0010000000474974,0.0010000000474974,314.23352624,-14.90386675,0.0079699996858835,0.0089900000020861,56212.73693287,1.735100030899048,0.6741168468173835,-0.6923984835553127,-0.2571980108929535,312.4263487218701,2.2606608273479054,32.96706806338959,-34.40497843490513,,5,82,5,12,39,12,14,1188296000007648,1,1,11444.0,2.5230091799505254e+18,3700661.0,314.23355159,-14.90388707,0.034297801554203,0.0329177007079124,55884.2971571,22.051000595092773,0.0627250000834465,21.423999786376957,0.0066329999826848,21.30039978027344,0.0705329999327659,262160391.0,655360.0,196608.0,11.0,5145.97021484375,4526.10009765625,0.1371909976005554,0.1316709965467453,1.2356799840927124,1.173200011253357,-25.924699783325195,0.1500139981508255,1.357690002090628e-12,0.9986299872398376,0.9986299872398376,1.0113699436187744,0.2754350006580353,-0.0042251897975802,0.2446369975805282,1.3253999948501587,0.8498340249061584,5.49038986719097e-06,3.443819878157228e-07,9.780979780771304e-06,6.487900350293786e-08,0.8974570035934448,3.0,1.0961200132442173e-05,7.731280220468761e-07,3.313499927520752,903.0,7.0883002281188965,2.946080046584143e-09,5.075419835520734e-07,24.986499786376957,0.25,11444,2523009690246327476,3702562,314.23354274,-14.90386591,0.0095281796529889,0.0090405102819204,55934.2188806,20.607799530029297,0.020015999674797,20.03019905090332,0.0036879999097436,19.927600860595703,0.0233110003173351,262160391,524416,196608,10,5146.080078125,4526.41015625,0.0381128005683422,0.0361621007323265,1.1286200284957886,1.0761100053787231,85.40450286865234,0.2370229959487915,0.0,0.9980049729347228,0.9980049729347228,1.5113199949264526,0.2168000042438507,0.0032235300168395,0.229541003704071,1.407979965209961,0.9306269884109496,2.074300027743448e-05,4.151989969614079e-07,3.5310498788021505e-05,1.3024100553593598e-07,0.8839020133018494,2.75,3.881230077240616e-05,9.047449793797568e-07,3.5199499130249023,800.0,14.928299903869627,-9.062450345709294e-09,6.384619837263017e-07,25.013900756835938,0.25,11444,2523020479472610484,3742755,314.23354816,-14.90385824,0.0035440600477159,0.0033473500516265,56380.9414967,19.91209983825684,0.0077669997699558,19.38949966430664,0.0014850000152364,19.40449905395508,0.0109660001471638,262160391,524416,196608,34,5146.0400390625,4526.47998046875,0.0141762001439929,0.0133894002065062,1.0680099725723269,1.0349700450897217,-51.03129959106445,0.7065730094909668,0.0,0.99795001745224,0.99795001745224,2.674420118331909,0.22604900598526,0.0038753501139581,0.2417809963226318,1.4385000467300415,1.0127300024032593,3.93683003494516e-05,3.057589879063017e-07,6.370930350385606e-05,9.457890115527334e-08,0.8865320086479187,2.75,6.283690163400024e-05,6.890970212225511e-07,3.5962400436401367,2790.0,17.819799423217773,-3.515030044809464e-08,4.997319820176926e-07,25.010400772094727,0.25,11444,2523010522396241076,3705662,314.23354972,-14.90385508,0.0053467201068997,0.0050372201949357,56023.6985833,19.62350082397461,0.0146469995379447,19.167299270629883,0.0027670001145452,19.03070068359375,0.0194499995559453,262160391,524416,196608,12,5145.990234375,4526.56005859375,0.0213868003338575,0.0201488994061946,0.8689290285110474,0.8298889994621277,41.64239883422852,0.4730429947376251,1.151629978790672e-33,0.9970300197601318,0.9970300197601318,1.833299994468689,0.1372449994087219,0.0065699801780283,0.1373340040445327,1.214460015296936,0.8577029705047607,5.1357699703658e-05,7.522149871874717e-07,7.817560253897682e-05,2.1631299773616774e-07,0.830590009689331,2.0,8.865979907568544e-05,1.7244000218852309e-06,3.036139965057373,660.0,12.092900276184082,-2.2494900164815593e-08,1.5735799934191164e-06,25.047199249267575,0.25,11444.0,2.523007755631996e+18,3695355.0,314.233539,-14.90386836,0.0129573000594973,0.0118428003042936,55788.6255258,19.36680030822754,0.0316159985959529,18.801300048828125,0.002210000064224,18.861799240112305,0.0370509997010231,262160391.0,655488.0,196608.0,16.0,5146.14013671875,4526.3701171875,0.0518292002379894,0.0473710000514984,0.9567919969558716,0.908244013786316,-26.37470054626465,0.7928760051727295,5.619530089974626e-33,0.9965720176696776,0.9965720176696776,1.326859951019287,0.1952710002660751,0.0010259100235998,0.1878470033407211,1.101349949836731,0.877668023109436,6.50568981654942e-05,2.0568099898810037e-06,0.0001095129991881,2.4197899506361864e-07,0.872169017791748,2.5,0.0001035809982568,3.837730218947399e-06,2.7533700466156006,750.0,11.961999893188477,8.236359860802622e-08,4.153419922658941e-06,25.026899337768555,0.25,0.0068806921114366,,,,,,,,,,,,,,,,,,1,6.15634,4.33132,2.20396,2.28322,1.67835,,,,,,,0.2222003936767578,1.3938007354736364,0.6406993865966797,2.034500122070316,0.3659992218017578,0.007589336736801534,0.003975747524619855,0.0031403048704139,0.003541241296178959,0.12360000610351562,0.10259819030761719,-0.014999389648441053,0.1365985870361328,-0.06049919128417969,22.100255885495667,0,False,4.293921162608253,24.845549909015784,NaN,ZTF19aayqyre,314.233604324573,-14.910767879135491
PSO J123316.146-105523.846,,,,94891883172772452,1048328000003910,421301932003141,0,11049338652700,9489,1,1101,29,0.393021158308742,1048328,98092,3,444915712,53,188.31727865,-10.9232906,0.0010000000474974,0.0010000000474974,188.31730093,-10.92329626,0.0060600000433623,0.0080199996009469,55997.97199074,1.6433000564575195,-0.971554465413596,-0.1420340939848604,-0.189494688265401,191.9537308330602,-6.739768464169699,295.72548737433164,51.69404977354223,,5,63,15,10,13,12,13,1056328000000234,1,1,3773.0,2.522936379449544e+18,3429458.0,188.31723725,-10.92326318,0.0095397299155592,0.0091597195714712,55793.2702633,20.231000900268555,0.0150170000270009,20.048999786376957,0.0032480000518262,20.09189987182617,0.0183760002255439,262160391.0,524416.0,196608.0,9.0,2560.699951171875,4180.4599609375,0.0381588004529476,0.0366388000547885,1.5582000017166138,1.5247000455856323,69.70030212402344,0.2351540029048919,0.0005352289881557,0.99898499250412,0.99898499250412,1.2848299741744995,0.3544259965419769,0.0037518800236284,0.3463129997253418,1.3016300201416016,0.9536790251731871,2.934969961643219e-05,4.407480105328432e-07,3.4705601137829944e-05,1.1271500000020752e-07,0.9124879837036132,3.750010013580322,3.336049849167466e-05,6.130230190137809e-07,3.2540700435638428,1061.0,3.462480068206787,3.574589957366925e-09,4.302009983803146e-07,24.97130012512207,0.2500010132789612,3773,2522939203390541501,3439978,188.31728243,-10.92329716,0.0050773001275956,0.0048098000697791,55675.1500045,19.54560089111328,0.0100349998101592,19.32010078430176,0.0026130001060664,19.34199905395508,0.013935999944806,262160391,524416,196608,9,2560.050048828125,4179.990234375,0.0203092005103826,0.0192392002791166,1.2873400449752808,1.2630499601364136,9.656689643859863,0.0456755012273788,4.270030018460602e-08,0.9976069927215576,0.9976069927215576,1.3244999647140503,0.2244250029325485,0.008713630028069,0.2051219940185547,1.254140019416809,0.9104989767074584,5.517590034287423e-05,5.536949743145669e-07,6.791509804315865e-05,1.7749600544902933e-07,0.8891630172729492,2.7500100135803223,6.656040204688907e-05,9.275830166188824e-07,3.1353600025177,840.0,5.479300022125244,1.4034400308560181e-08,6.675720101156912e-07,25.006999969482425,0.2500010132789612,3773,2522940254583787197,3443894,188.31727585,-10.92329849,0.0040742601267993,0.0039202100597321,55657.2980688,19.25670051574707,0.0089459996670484,18.908899307250977,0.0020389999262988,18.915000915527344,0.011642999947071,262160391,524416,196608,9,2560.139892578125,4179.97021484375,0.016296999529004,0.0156807992607355,1.0848400592803955,1.0739599466323853,-68.8593978881836,0.2294069975614547,1.3232999563901788e-21,0.996638000011444,0.996638000011444,1.8850200176239011,0.1899379938840866,0.0049912799149751,0.1818040013313293,1.2623599767684937,0.9029539823532104,7.199910032795742e-05,6.441100026677304e-07,9.918739669956268e-05,2.0228199559824134e-07,0.8785349726676941,2.5000100135803223,9.862869774224237e-05,1.148359956459899e-06,3.1558899879455566,950.0,9.54792022705078,2.2956299972065608e-08,8.102219908323605e-07,25.01609992980957,0.2500010132789612,3773,2523026768646901437,3766184,188.31727865,-10.9232906,0.0036519400309771,0.0034619800280779,55982.2680552,18.705799102783203,0.0083379996940493,18.495399475097656,0.0018670000135898,18.5359001159668,0.0125989997759461,262160391,524416,196608,10,2560.10009765625,4180.06982421875,0.0146076995879411,0.0138478996232151,1.0483200550079346,1.044219970703125,-2.712919950485229,0.6257259845733643,3.224860120099038e-05,0.99482399225235,0.99482399225235,1.3896900415420532,0.1855510026216507,0.0077166999690234,0.1754280030727386,1.230739951133728,0.8855550289154053,0.0001195899967569,9.971430472432985e-07,0.000145161000546,2.709589921323641e-07,0.8753520250320435,2.5,0.0001398390013491,1.7618699530430604e-06,3.076859951019287,780.0,4.156980037689209,6.38144967979315e-08,1.2246999858689378e-06,25.02280044555664,0.25,3773.0,2.522939905617694e+18,3442594.0,188.31728458,-10.92328943,0.0088462000712752,0.0083774803206324,55770.9846584,18.93370056152344,0.0214799996465444,18.481000900268555,0.0018880000570788,18.528600692749023,0.0271790008991956,262160391.0,524416.0,196608.0,9.0,2560.02001953125,4180.10986328125,0.0353846997022628,0.033509898930788,0.9550560116767884,0.9271739721298218,25.43429946899414,0.7764279842376709,5.0811699681602555e-22,0.9951620101928712,0.9951620101928712,1.4225900173187256,0.1975239962339401,0.008567770011723,0.1829230040311813,1.15038001537323,0.8758410215377808,9.694060281617568e-05,2.082239916489925e-06,0.0001470999995945,2.7770599331233825e-07,0.8753520250320435,2.5,0.0001407899981131,3.826480224233819e-06,2.87595009803772,790.0,9.646599769592283,1.032139991252734e-07,2.9003299459873237e-06,25.007299423217773,0.25,2.387422560538305e-05,,,,,,,,,,,,,,,,,,1,2.93882,2.44902,2.37718,2.43727,2.76639,,,,,,,0.4134998321533203,0.7288990020751953,0.4112014770507848,1.1401004791259801,0.014398574829101562,0.004168605749044399,0.0033144064708103514,0.0027646355546781976,0.0026552275356876414,-0.042900085449211645,-0.021898269653320312,-0.0061016082763671875,-0.04050064086914418,-0.04759979248046875,28.760152914305795,0,False,0.03246934316185869,0.09385981548278362,NaN,ZTF20aavbcxh,188.3172991879996,-10.923322276004685
PSO J110521.970-100844.010,,,,95821663415555709,1034182000062413,419656959587277,0,10695439439973,9582,1,1095,43,0.334903233996502,1034182,97709,3,528801792,63,166.34154314,-10.14555858,0.0010000000474974,0.0010000000474974,166.34156135,-10.14555267,0.0084699997678399,0.0061499997973442,56275.19111111,7.041299819946289,-0.9565262985903492,0.2324410271375007,-0.1761493940049467,171.48602916286342,-14.718700909043267,264.727065625132,44.715190593170014,,5,69,12,14,22,10,11,1008663000001328,1,1,7103.0,2.523196163767672e+18,4397230.0,166.34150972,-10.14558221,0.0024879600387066,0.0023343099746853,55990.5965568,18.58839988708496,0.004333000164479,17.465999603271484,0.0009759999811649,16.101499557495117,0.0025810000952333,262160391.0,1572992.0,196608.0,11.0,4705.2001953125,3910.159912109375,0.0099518001079559,0.0093372203409671,1.3717399835586548,1.322450041770935,-62.68550109863281,0.1392039954662323,0.0,0.9983580112457277,0.9983580112457277,6.914470195770264,0.3966690003871918,0.0073715099133551,0.4016430079936981,6.457129955291748,1.2537599802017212,0.0001332399988314,5.773429734290403e-07,0.0003746139991562,3.65512988764749e-07,0.9116089940071106,3.2500100135803223,0.0013164799893274,3.398160060896771e-06,16.142799377441406,1086.0,43.189701080322266,-1.0251599569244263e-09,4.783560143550858e-07,24.98509979248047,0.2500010132789612,7103,2523199435459009471,4409418,166.34154314,-10.14555858,0.0010612099431455,0.000977142015472,56284.6809162,17.768400192260742,0.002121000085026,16.757099151611328,0.0006440000142902,15.107999801635742,0.0012560000177472,262160391,1572992,196608,14,4704.75,3910.510009765625,0.004244829993695,0.0039085699245333,1.1423799991607666,1.090309977531433,12.171199798583984,0.4849709868431091,0.0,0.998986005783081,0.998986005783081,24.54599952697754,0.3132550120353699,0.0111103998497128,0.3177820146083832,7.5900797843933105,1.1805599927902222,0.0002835569903254,6.015119993207918e-07,0.0007196890073828,4.6335401293617917e-07,0.8812710046768188,2.75,0.0032871200237423,4.128250111534726e-06,18.97520065307617,1316.0,31.820600509643555,1.2734400200997698e-08,4.7675101200184155e-07,25.00169944763184,0.25,7103,2523199614773894079,4410086,166.3415416,-10.14553384,0.0007353060063906,0.0007188619929365,56397.3331337,17.203100204467773,0.0014720000326633,16.239700317382812,0.0004539999936241,14.691399574279783,0.0009990000398829,262160391,524416,196608,18,4704.759765625,3910.8701171875,0.0029412200674414,0.0028754400555044,1.1505999565124512,1.1348400115966797,-83.49140167236328,0.4910829961299896,0.0,0.9982699751853944,0.9982699751853944,41.95940017700195,0.3153859972953796,0.0152642000466585,0.3244470059871673,7.298530101776123,1.183210015296936,0.0004772449901793,7.025760169199202e-07,0.0011590600479394,5.257169846117904e-07,0.8917940258979797,2.7500100135803223,0.0048242798075079,4.8171100388572086e-06,18.246299743652344,1677.0,28.022899627685547,1.8333400575443196e-08,6.280279762904684e-07,24.985700607299805,0.2500010132789612,7103,2523199786572585919,4410726,166.34156514,-10.14554858,0.0012851400533691,0.0012391599593684,55893.2263599,16.94580078125,0.0027950000949203,16.028200149536133,0.0005360000068321,14.438300132751465,0.001973999897018,262160391,524416,196608,9,4704.43994140625,3910.669921875,0.0051405797712504,0.0049566500820219,1.1113100051879885,1.0832200050354004,80.33699798583984,0.2457569986581802,0.0,0.9980090260505676,0.9980090260505676,10.687600135803224,0.2546640038490295,0.013855000026524,0.2614690065383911,6.810319900512695,1.1206400394439695,0.0006049050134606,1.6908900306589203e-06,0.0014084100257605,7.551889780188503e-07,0.8689860105514526,2.5,0.0060910298489034,1.2026300282741433e-05,17.025800704956055,990.0,31.170799255371094,4.0219600094815184e-08,1.4075100125410245e-06,24.997100830078125,0.25,7103.0,2.523239605751258e+18,4559064.0,166.34156626,-10.14556885,0.0018985499627888,0.0017369099659845,55860.9965914,16.675399780273438,0.0046009998768568,15.760299682617188,0.0005450000171549,14.240699768066406,0.0031590000726282,262160391.0,524416.0,196608.0,9.0,4704.43017578125,3910.3701171875,0.0075942398980259,0.0069476598873734,0.9345880150794984,0.8700609803199768,51.03620147705078,1.283660054206848,0.0,0.9968090057373048,0.9968090057373048,69.05290222167969,0.2589719891548157,0.016355400905013,0.2685100138187408,5.947559833526611,1.1260900497436523,0.0007759659783914,3.5705299978872063e-06,0.0018024400342255,9.828620477492225e-07,0.872169017791748,2.4999899864196777,0.0073067699559032,2.308389957761392e-05,14.868900299072266,760.0,16.584800720214844,1.3266499365727213e-07,3.6983099107601447e-06,25.03499984741211,0.2499990016222,0.0035688341114552,,,,,,,,,,,,,,,,,,1,13.0549,13.1955,12.3064,13.7015,14.2292,,,,,,,0.2115001678466797,0.7089004516601562,0.5173988342285156,1.2262992858886719,0.2679004669189453,0.0011693211627434369,0.000787941630209028,0.0007024329160387447,0.0007644089389998344,1.3645000457763672,1.649099349975586,1.5483007431030291,1.589900016784668,1.5195999145507812,107.87253406248406,1,False,0.9953743891781174,12.816295219257356,NaN,ZTF18acvvxzn,166.34455993694394,-10.147543074195468
PSO J112330.020-080508.490,,,,98291708751397626,1036197000063738,419944722397435,0,10511167663321,9829,1,1096,92,0.83692601214808,1036197,97776,3,444915712,53,170.87508336,-8.08569177,0.0010000000474974,0.0010000000474974,170.87505737,-8.08571435,0.03192999958992,0.0344300009310245,56183.33826389,1.829300045967102,-0.9775294279412164,0.1570113433908099,-0.1406543833498672,174.84977348207357,-11.040533874521593,268.65531686136177,48.84507070159524,,5,33,3,6,9,14,1,1016433000005896,1,1,4462.0,2.523196041629537e+18,4396775.0,170.87513677,-8.08560242,0.0391029007732868,0.0372617989778518,56136.8205405,22.375,0.0828260034322738,21.78070068359375,0.0079889995977282,21.87310028076172,0.0872209966182708,262160391.0,655360.0,196608.0,7.0,3456.10009765625,4722.52001953125,0.1564110070466995,0.1490470021963119,1.1078799962997437,1.0836199522018433,-49.60559844970703,0.4154379963874817,6.68818032067975e-08,0.9981690049171448,0.9981690049171448,1.3509399890899658,0.2417789995670318,-0.0054805502295494,0.2455909997224807,1.0379600524902344,0.8287349939346313,4.073900072398828e-06,3.3742699656613695e-07,7.042699962767074e-06,5.6261999503703926e-08,0.876010000705719,2.7500100135803223,6.468079845944885e-06,5.641550160362385e-07,2.594909906387329,878.0,5.399350166320801,-4.0481198948505437e-10,4.992219828636735e-07,24.98240089416504,0.2500010132789612,4462,2523199458007585134,4409502,170.87508336,-8.0856557,0.0291983000934124,0.0277967005968093,55985.7483554,21.82469940185547,0.0595460012555122,21.531400680541992,0.0078790001571178,21.603500366210938,0.0835400000214576,262160391,655360,196608,8,3456.860107421875,4721.75,0.1167929992079734,0.1111870035529136,1.0515600442886353,1.0212299823760986,-83.2428970336914,0.6847800016403198,6.602980192838004e-06,0.9983410239219666,0.9983410239219666,1.2556099891662598,0.1901949942111969,-0.0104117002338171,0.2417179942131042,1.0800000429153442,0.8650130033493042,6.762819793948438e-06,4.027000102269085e-07,8.860420166456606e-06,6.98140993904417e-08,0.8917940258979797,2.7500100135803223,8.291030098916963e-06,6.926339892743272e-07,2.6999900341033936,713.0,4.506100177764893,1.8610199603585897e-08,7.111390232239501e-07,25.00160026550293,0.2500010132789612,4462,2523199642959614318,4410191,170.87507908,-8.08572419,0.0160322003066539,0.0153414001688361,56349.3339291,20.94409942626953,0.0343579985201358,20.42609977722168,0.004311999771744,20.493200302124023,0.0425000004470348,262160391,524416,196608,9,3456.929931640625,4720.77001953125,0.0641288980841636,0.0613655000925064,1.051110029220581,1.002940058708191,0.7955530285835266,0.7040169835090637,2.567729917579697e-10,0.998112976551056,0.998112976551056,1.2975200414657593,0.2165039926767349,0.001284240046516,0.2252320051193237,1.1493099927902222,0.8217440247535706,1.5218800399452448e-05,5.228890245234652e-07,2.4521099476260133e-05,1.0573000253089049e-07,0.8891630172729492,2.75,2.305189991602674e-05,9.79713945525873e-07,2.8732800483703613,874.0,6.322859764099121,-1.590039988563774e-09,8.396179964620387e-07,24.99209976196289,0.25,4462,2523199816100483438,4410836,170.87504597,-8.0857073,0.0174230001866817,0.0163577999919652,55941.8116236,20.447999954223636,0.0363739989697933,20.05590057373047,0.0033789998851716,20.16550064086914,0.0453779995441436,262160391,524416,196608,10,3457.39990234375,4721.009765625,0.0696920976042747,0.0654312968254089,1.1402599811553955,1.0781300067901611,-16.779300689697266,0.1881179958581924,1.0650899989963441e-16,0.9969339966773988,0.9969339966773988,1.3124899864196775,0.196259006857872,0.002068439964205,0.2087270021438598,1.008190035820007,0.8188629746437073,2.403299913567025e-05,8.74186980581726e-07,3.448569987085648e-05,1.1653499853991889e-07,0.8817179799079895,2.5,3.117409869446419e-05,1.4146099829304148e-06,2.5204598903656006,990.0,8.297289848327637,3.0685299634569674e-08,1.297460016758123e-06,25.02739906311035,0.25,4462.0,2.5232398086884603e+18,4559820.0,170.87509456,-8.08569177,0.0372558012604713,0.0344562008976936,55932.7294647,20.34860038757324,0.0854220017790794,20.03840065002441,0.0032130000181496,20.12929916381836,0.109994001686573,262160391.0,655360.0,196608.0,12.0,3456.699951171875,4721.240234375,0.1490239948034286,0.13782499730587,0.951433002948761,0.9405630230903624,-5.622960090637207,1.1020100116729736,1.713759957056027e-05,0.9985740184783936,0.9985740184783936,1.3075400590896606,0.206273004412651,-0.013536799699068,0.2212630063295364,1.0017900466918943,0.8446530103683472,2.6336700102547184e-05,2.249729959657998e-06,3.504570122458972e-05,1.1261000310014425e-07,0.8891630172729492,2.7499899864196777,3.223260137019679e-05,3.545379968272755e-06,2.504470109939575,1090.0,4.29925012588501,1.4029099304480044e-07,3.956040018238127e-06,25.039600372314453,0.2499990016222,0.0061751832229993,,,,,,,,,,,,,,,,,,1,9.76844,2.28986,1.68337,2.00023,1.67201,,,,,,,0.37019920349121094,0.2493000030517578,1.1053009033203125,1.3546009063720703,0.01749992370605824,0.011220639823484384,0.008981758486364608,0.005478228021496548,0.004662725527051642,-0.09239959716796875,-0.07209968566894531,-0.06710052490234375,-0.10960006713867188,-0.09089851379394887,87.95103125648228,0,False,2.264992133884765,22.125279245589088,NaN,ZTF19aaringx,170.8806132450105,-8.088455765008433
PSO J133146.869-064633.055,,,,99862029452859383,911011000065043,382514082414101,0,11228355325892,9986,1,1193,33,0.830864337115422,911011,89061,3,512024576,61,202.94529142,-6.77584877,0.0010000000474974,0.0010000000474974,202.94529968,-6.77583319,0.0035500000230968,0.0032999999821186,55987.88231481,1.5497000217437744,-0.914445468916534,-0.387129167621951,-0.1179851344634389,203.7368870444908,2.621732313246451,320.4537814316042,54.71761456294027,,5,56,9,12,14,10,11,1094292000003306,1,1,2880.0,2.522960695943761e+18,3520044.0,202.94519798,-6.77587713,0.0039205597713589,0.0036737900227308,55873.8406074,19.207000732421875,0.0083739999681711,18.646900177001957,0.0019570000004023,18.612699508666992,0.0072840000502765,262160391.0,524416.0,196608.0,4.0,1877.030029296875,593.510009765625,0.0156821999698877,0.014695200137794,1.1091899871826172,1.0562599897384644,59.35089874267578,0.3466340005397796,0.0,0.9980509877204896,0.9980509877204896,8.105340003967285,0.2489030063152313,-0.0020642199087888,0.2404119968414306,1.4355900287628174,0.9888719916343688,7.537059718742967e-05,6.311259994618013e-07,0.0001262570003746,2.470409867783019e-07,0.8891630172729492,2.75,0.0001302940072491,9.489970125287072e-07,3.5889699459075928,810.0,16.570999145507812,7.93589993719479e-09,5.092010155749449e-07,24.993799209594727,0.25,2880,2522959810106755904,3516744,202.94528706,-6.77585131,0.0010223799617961,0.0009731409954838,55992.4077391,17.893400192260742,0.0026740001048892,17.680500030517578,0.0014489999739453,17.487499237060547,0.0037690000608563,262160391,524416,196608,11,1875.75,593.8790283203125,0.0040895100682973,0.0038925600238144,0.9665030241012572,0.9389600157737732,-84.13700103759766,0.49685999751091,2.41723000726779e-06,0.9977059960365297,0.9977059960365297,11.187399864196776,0.1323779970407486,-0.0013821099419146,0.1375170052051544,1.7392699718475342,0.8716809749603271,0.0002527209871914,6.75780995607056e-07,0.0003074799897149,4.4564299628291337e-07,0.8645449876785278,2.25,0.0003672970051411,1.3843599617757718e-06,4.348179817199707,629.0,4.714990139007568,3.197420106459958e-09,8.18504986455082e-07,24.998699188232425,0.25,2880,2522957716847070016,3508946,202.94529984,-6.77584754,0.0012806400191038,0.0012214999878779,56132.0381213,17.61680030822754,0.0027870000340044,17.34040069580078,0.001202999963425,17.23900032043457,0.0034890000242739,262160391,524416,196608,9,1875.56005859375,593.9500122070312,0.0051225498318672,0.0048859999515116,1.0807199478149414,1.076840043067932,45.930999755859375,0.2156720012426376,5.789029737350572e-16,0.9976779818534852,0.9976779818534852,12.498700141906738,0.1785909980535507,0.0003748369927052,0.1807280033826828,1.471850037574768,0.9362080097198486,0.0003260590019635,9.088440151572286e-07,0.0004205539880786,5.060439889348345e-07,0.8753520250320435,2.5,0.0004617559898179,1.6110300293803448e-06,3.679620027542114,649.0,8.093680381774902,2.0005199274919505e-08,1.0479200227564434e-06,25.00670051574707,0.25,2880,2522960425092385600,3519035,202.94529142,-6.77584669,0.0014386900002136,0.0013630699831992,55893.826997,17.414400100708008,0.0034580000210553,17.122100830078125,0.0011930000036954,17.135099411010742,0.0042610000818967,262160391,524416,196608,10,1875.68994140625,593.9569702148438,0.0057547502219676,0.0054522999562323,1.052209973335266,1.011240005493164,-57.45140075683594,0.1693210005760193,2.569230101197478e-32,0.997972011566162,0.997972011566162,2.3943800926208496,0.1518370062112808,-0.0042329002171754,0.1570249944925308,1.2388499975204468,0.9072340130805968,0.0003928449878003,1.3583700138042332e-06,0.0005142249865457,6.133669785413076e-07,0.8684750199317932,2.25,0.0005081130075268,2.16498006011534e-06,3.0971200466156006,540.0,11.835100173950195,1.7075200275940008e-07,1.5460000213352032e-06,25.02630043029785,0.25,2880.0,2.5230424329295e+18,3824538.0,202.94529528,-6.77584877,0.0025665899738669,0.0024149299133569,55976.7466507,17.29159927368164,0.0061989999376237,16.994800567626953,0.0010489999549463,16.805500030517578,0.0096469996497035,262160391.0,524416.0,196608.0,9.0,1875.6300048828125,593.926025390625,0.0102663999423384,0.0096597298979759,0.9746450185775756,0.9169440269470216,77.83599853515625,0.5082100033760071,5.892719796632564e-31,0.9979079961776732,0.9979079961776732,3.655539989471436,0.1444199979305267,0.0012352099874988,0.1583639979362487,1.7245700359344482,0.908277988433838,0.0004399169993121,2.72722991212504e-06,0.0005782279768027,6.065740194571845e-07,0.8645449876785278,2.25,0.0006883280002512,6.640630090259947e-06,4.31141996383667,640.0,11.5693998336792,2.9926500388910426e-08,3.271780087743537e-06,25.04050064086914,0.25,1.1152875835421948e-05,,,,,,,,,,,,,,,,,,1,2.65981,3.65356,3.4072,2.31394,14.1461,,,,,,,0.21829986572265625,0.9664001464843786,0.3400993347167969,1.3064994812011754,0.12730026245117188,0.0024350461856129306,0.0018832975963702686,0.0016942425802752615,0.0015885999856145548,0.03420066833496449,0.19300079345703125,0.10140037536621094,-0.012998580932617188,0.189300537109375,2.468176946275522,1,False,0.05542093227703091,0.14532721774139254,NaN,ZTF18acueutt,202.9452778955552,-6.77586727333582
PSO J213032.717+030218.278,,,,111643226364036568,1037063000023332,79959406172963,0,13346894016007,11164,1,1403,78,0.218166905658475,1037063,18617,3,436527104,52,322.63632259,3.03841065,0.0010000000474974,0.0010000000474974,322.63633024,3.03841088,0.0264299996197223,0.0223699994385242,56288.21340278,0.7070000171661377,0.7936822773078455,-0.6060188676318928,0.0530054220018152,326.0207626173992,16.839516544826377,56.732618616798106,-32.98664898503442,,5,32,0,5,21,6,0,1178441000006433,1,1,5302.0,2.5230341729020856e+18,3793767.0,322.63629906,3.03848997,0.0757455974817276,0.0726393982768058,55973.6964252,23.31089973449707,0.1489859968423843,22.687000274658203,0.0112720001488924,22.642200469970703,0.1505070030689239,262160391.0,655360.0,196608.0,13.0,2576.590087890625,3684.27001953125,0.3029820024967193,0.2905569970607757,1.2851799726486206,1.2273499965667725,-64.12550354003906,-0.0715688019990921,0.000393066991819,0.9989870190620422,0.9989870190620422,1.3581000566482544,0.2126079946756363,0.0729719027876854,0.2366909980773925,1.1316399574279783,0.8014339804649353,1.7204999949171906e-06,2.56329997228022e-07,3.0563699056074256e-06,3.4451399955059976e-08,0.8865320086479187,2.75,3.1849499464442488e-06,4.793579932993453e-07,2.8290998935699463,989.0,3.5446999073028564,-4.054899971350778e-09,4.239630015945295e-07,25.010900497436523,0.25,5302,2523019683024606390,3739788,322.63632978,3.03840336,0.0331530012190341,0.03080889955163,56048.5783699,22.40519905090332,0.074144996702671,23.06319999694824,0.0136449998244643,22.69770050048828,0.1236540004611015,195035141,655360,196608,14,2576.139892578125,3683.02001953125,0.1326120048761367,0.1232360005378723,1.0417499542236328,0.9907479882240297,-19.912599563598636,0.1656180024147033,-0.12151999771595,0.9965789914131165,0.9965789914131165,1.224429965019226,0.1208709999918937,0.0125684002414345,0.1162170022726059,0.7065560221672058,0.3267239928245544,3.961869879276492e-06,2.9375399890341214e-07,2.161229986086255e-06,2.949060018409e-08,0.8785349726676941,2.5,3.026450031029526e-06,3.742339913515025e-07,1.7663899660110474,960.0,-1.548419952392578,2.0705199332837765e-08,5.469009920489043e-07,25.018299102783203,0.25,5302,2523023526751900854,3754107,322.63632797,3.03841065,0.0169805996119976,0.0162803996354341,56501.4239754,21.28730010986328,0.0299280006438493,21.42959976196289,0.0039440002292394,21.5221004486084,0.0477880015969276,262144005,524416,196608,20,2576.179931640625,3683.1201171875,0.0679223984479904,0.0651213973760604,1.079669952392578,0.9992409944534302,-32.27640151977539,0.2768990099430084,-0.0371127985417842,0.9973120093345642,0.9973120093345642,1.2169400453567505,0.138615995645523,-0.001190620008856,0.1290079951286316,0.7330790162086487,0.7309120297431946,1.1093399734818377e-05,3.320000132589485e-07,9.731509635457767e-06,3.83857994279424e-08,0.8880850076675415,2.5000100135803223,8.936660378822125e-06,4.270640090453526e-07,1.83270001411438,2565.0,-2.084520101547241,3.5800400421948093e-09,4.844280283577973e-07,25.0226993560791,0.2500010132789612,5302,2523018666191099062,3736000,322.63632259,3.03840356,0.0257635992020368,0.0232995003461837,56094.9963295,20.774900436401367,0.0548000000417232,20.72369956970215,0.0052769999019801,20.81730079650879,0.0840530022978782,195035141,655360,196608,9,2576.260009765625,3683.030029296875,0.1030540019273758,0.0931978970766067,1.080549955368042,1.045680046081543,55.5192985534668,0.2691639959812164,-0.8564749956130981,0.9966019988059998,0.9966019988059998,1.259619951248169,0.1438280045986175,0.0119268996641039,0.1480800062417984,0.8701390027999878,0.6665899753570557,1.7784799638320692e-05,9.746080422701198e-07,1.864240039139986e-05,9.837970083026448e-08,0.8785349726676941,2.5,1.7102600395446643e-05,1.437530045222957e-06,2.1753499507904053,750.0,-0.1808629930019378,4.053819946392423e-09,1.5965199509082597e-06,25.02630043029785,0.25,5302.0,2.5230433821172746e+18,3828074.0,322.63631768,3.03844274,0.0370915010571479,0.0347927995026111,55862.733603,20.56489944458008,0.0941049978137016,20.605600357055664,0.0051339999772608,20.69879913330078,0.1449770033359527,195035141.0,655360.0,196608.0,12.0,2576.340087890625,3683.590087890625,0.1483660042285919,0.1391710042953491,0.9082310199737548,0.8803420066833496,-43.05160140991211,1.186210036277771,0.6398029923439026,0.996960997581482,0.996960997581482,1.502079963684082,0.0943325981497764,0.0221308004111051,0.1605270057916641,0.755029022693634,0.4542619884014129,2.1579200620180927e-05,2.03070999305055e-06,2.078619945677929e-05,1.0671899985936761e-07,0.8689860105514526,2.5,1.9076100215897892e-05,2.765589897535392e-06,1.887570023536682,730.0,0.467974990606308,-1.4089099664715832e-08,3.875629772664979e-06,25.04319953918457,0.25,0.0057941760533672,,,,,,,,,,,,,,,,,,1,19.426,0.673277,0.769583,1.90968,0.725121,,,,,,,0.7059001922607422,-0.3761997222900355,1.633600234985348,1.2574005126953125,0.11809921264648438,0.0176987007310215,0.014203561455419244,0.006588009242080526,0.007362383019920376,0.0447998046875,0.3654994964599574,-0.09250068664550781,-0.09360122680664062,-0.09319877624511719,123.8917756060733,0,False,1.2472939615786076,20.822738958154172,NaN,ZTF20abdwmlj,322.63905260833445,3.0435163000015564
PSO J083740.008+105902.237,,,,121181294167911208,1029533000010858,98127117822569,0,16295786855260,12118,1,1533,75,0.894376533938922,1029533,22847,3,512024576,61,129.41670372,10.98395493,0.0010000000474974,0.0010000000474974,129.41673514,10.98396681,0.0139800002798438,0.0066499998793005,56112.34175926,6.425600051879883,-0.6233241338526084,0.7583954810824358,0.1905342972554712,128.93226915432712,-7.28821566570975,214.9250550296771,28.52209076685356,,5,66,11,16,16,14,9,1034869000008833,1,1,956.0,2.5232219169284434e+18,4493168.0,129.41678111,10.98393715,0.0053109098225831,0.0049002999439835,55881.5816609,19.76580047607422,0.0103590004146099,19.42930030822754,0.0025639999657869,19.412500381469727,0.0131230000406503,262160391.0,524416.0,196608.0,9.0,542.8389892578125,2872.090087890625,0.0212437007576227,0.0196011997759342,1.26488995552063,1.171839952468872,40.09799957275391,0.3964889943599701,8.377080007448967e-07,0.9990230202674866,0.9990230202674866,1.8042199611663816,0.2653999924659729,0.0099801998585462,0.2361409962177276,1.4587700366973877,0.9675959944725036,4.5048498577671126e-05,4.666640052164439e-07,6.141309859231114e-05,1.5744500103664905e-07,0.8996679782867432,3.0,6.237239722395316e-05,8.184949820133625e-07,3.6469199657440186,971.0,4.926370143890381,1.7614299352430862e-08,5.137379730513203e-07,24.987699508666992,0.25,956,2523227633261478844,4514463,129.41676374,10.98394187,0.0040850299410521,0.0039312802255153,55858.5992118,19.34339904785156,0.0077530001290142,18.758899688720703,0.0013500000350177,18.606000900268555,0.0094269998371601,262160391,524416,196608,14,543.0919799804688,2872.14990234375,0.0163400992751121,0.0157251004129648,1.2616300582885742,1.2398500442504885,23.20800018310547,0.2749119997024536,0.0,0.9987940192222596,0.9987940192222596,3.6027700901031494,0.3118729889392853,0.0020462400279939,0.2758730053901672,1.924630045890808,1.0682499408721924,6.647509871982038e-05,5.15358976826974e-07,0.0001138820007327,1.537720066835391e-07,0.8996679782867432,3.0,0.0001310939987888,1.2358799494904815e-06,4.811580181121826,1822.0,14.96500015258789,1.7422399523070453e-08,4.895840106655669e-07,25.026100158691406,0.25,956,2523249413577507772,4595601,129.41670372,10.98395493,0.0023917199578136,0.0023430900182574,56076.3666879,18.82349967956543,0.005018999800086,18.22249984741211,0.0013810000382363,18.076000213623047,0.0058679999783635,262160391,524416,196608,14,543.9530029296875,2872.360107421875,0.0095668695867061,0.0093723498284816,1.1192899942398071,1.110700011253357,65.00370025634766,0.4004690051078796,0.0,0.997979998588562,0.997979998588562,9.308420181274414,0.2922559976577759,0.0148930996656417,0.2258619964122772,1.803339958190918,1.034309983253479,0.0001072980012395,5.385400072555058e-07,0.000186635996215,2.577990017016419e-07,0.8865320086479187,2.75,0.0002136060065822,1.2533499784694868e-06,4.508349895477295,1095.0,17.33180046081543,1.6236800348679026e-08,6.892760211485438e-07,25.01160049438477,0.25,956,2523223903350817724,4500568,129.41668874,10.98395945,0.0034066499210894,0.0030349299777299,56158.5702655,18.370100021362305,0.0073339999653398,17.818899154663086,0.0015069999499246,17.69409942626953,0.00857700034976,262160391,524416,196608,10,544.14599609375,2872.429931640625,0.0136265996843576,0.0121397003531456,1.215590000152588,1.0948400497436523,46.83169937133789,0.0764928981661796,0.0,0.9967529773712158,0.9967529773712158,5.015260219573975,0.2624180018901825,0.016465300694108,0.1986979991197586,1.6367599964141846,0.9835799932479858,0.0001629210019018,1.194919946101436e-06,0.0002706589875742,4.079020072822459e-07,0.8689860105514526,2.5,0.0003036519919987,2.604449946375098e-06,4.091899871826172,630.0,13.95199966430664,4.4680501076754815e-08,1.7301199477515183e-06,25.03339958190918,0.25,956.0,2.523222830951171e+18,4496573.0,129.41663141,10.98397498,0.0095732398331165,0.0084569100290536,56154.6714202,18.41209983825684,0.024380000308156,17.773099899291992,0.0014870000304654,17.753999710083008,0.0268959999084472,262160391.0,524416.0,196608.0,6.0,544.9650268554688,2872.679931640625,0.0382928997278213,0.0338275991380214,0.9525669813156128,0.8343369960784912,51.31230163574219,0.6587349772453308,0.0,0.9972379803657532,0.9972379803657532,1.6985000371932983,0.2207069993019104,0.0169061999768018,0.151539996266365,1.2535699605941772,0.8703910112380981,0.0001567260042065,3.820950041699689e-06,0.0002823320101015,4.198529950372176e-07,0.8684750199317932,2.2500100135803223,0.0002873390039894,7.728370292170439e-06,3.1339199542999268,640.0,14.91670036315918,1.4119899560682825e-07,4.0728100429987535e-06,25.05940055847168,0.2500010132789612,0.0001061640120211,,,,,,,,,,,,,,,,,,1,3.08848,4.39673,4.10777,3.70395,2.61856,,,,,,,0.40360069274902344,0.6704006195068359,0.5363998413085938,1.2068004608154297,0.04579925537109375,0.002897688029982354,0.0019312330776362684,0.0020440670132560257,0.002117124923021041,0.0167999267578125,0.15289878845214844,0.1464996337890625,0.12479972839355469,0.019100189208984375,59.370868797844835,1,False,0.0822980091381057,0.2507551925600945,NaN,ZTF19aalcuxd,129.41667854999426,10.983924791670802
PSO J220124.290+162544.376,,,,127713303511565318,1058453000020472,158385508995064,0,13382991626961,12771,1,1757,15,0.0574997459142466,1058453,36877,3,436527104,52,330.35121166,16.42899348,0.0010000000474974,0.0010000000474974,330.35120772,16.42898638,0.047359999269247,0.0441300012171268,56092.78305556,1.0116000175476074,0.8335905701252697,-0.4744847665244357,0.2828267450834162,338.8298326342139,26.63002959557568,74.46819849234369,-30.02181307665832,,4,16,0,1,7,8,0,1200623000002150,1,1,9764.0,2.5230393875292585e+18,3813193.0,330.35126516,16.42899686,0.0795492976903915,0.0736107006669044,56007.4619043,23.080699920654297,0.1555469930171966,22.14459991455078,0.009442999958992,22.011499404907227,0.12219800055027,262160391.0,655360.0,196608.0,8.0,5028.2099609375,725.9920043945312,0.3181970119476318,0.2944419980049133,1.2257699966430664,1.14382004737854,7.2778000831604,0.1248420029878616,3.216089937765898e-12,0.9982280135154724,0.9982280135154724,1.4097299575805664,0.288331001996994,-0.0062075098976492,0.3212090134620666,1.2968900203704834,0.9313820004463196,2.1268599539325805e-06,3.308259977075068e-07,5.037059963797219e-06,4.75641002140037e-08,0.8944240212440491,2.75,5.693939783668611e-06,6.957910159144376e-07,3.242219924926758,860.0,6.967939853668213,1.6891400278495894e-08,6.239949925657129e-07,25.005199432373047,0.25,9764,2523025254670935588,3760544,330.35120336,16.42902641,0.0288382992148399,0.0271262004971504,56036.4591398,22.31279945373535,0.0660180002450943,22.001399993896484,0.0092489998787641,21.985599517822266,0.0881579965353012,262160391,655360,196608,12,5029.06005859375,726.427001953125,0.1153530031442642,0.1085050031542778,1.0691299438476562,1.0199600458145142,-17.422300338745117,0.18503999710083,0.0014365599490702,0.9971299767494202,0.9971299767494202,1.1366100311279297,0.1667490005493164,-0.0102081000804901,0.1681199967861175,1.007030010223389,0.8068199753761292,4.31395983468974e-06,2.847980056230881e-07,5.746840088249883e-06,5.3152000134559785e-08,0.872169017791748,2.5,5.831109774590004e-06,5.140560119798465e-07,2.517590045928955,800.0,3.1872000694274902,-1.0377400272432167e-08,5.664269906446862e-07,25.01210021972656,0.25,9764,2523025792347153956,3762547,330.35121702,16.42897999,0.0250924006104469,0.0235214997082948,56425.5138631,21.515300750732425,0.0558240003883838,21.299400329589844,0.0042489999905228,21.394899368286133,0.0779090002179145,195035141,655360,196608,8,5028.89013671875,725.7730102539062,0.1003689989447593,0.0940855965018272,1.0258300304412842,1.0109100341796875,-50.09379959106445,0.4648489952087402,0.3946540057659149,0.9977989792823792,0.9977989792823792,1.454390048980713,0.157706007361412,-0.0134902000427246,0.1738899946212768,0.8990229964256287,0.715595006942749,8.992119546746835e-06,5.019800255467999e-07,1.0970399671350606e-05,4.661270125438932e-08,0.8849009871482849,2.5000100135803223,1.0047399882751051e-05,7.82781000907562e-07,2.2475600242614746,1980.0,0.8512070178985596,5.748670162120106e-08,8.109549867185706e-07,25.01609992980957,0.2500010132789612,9764,2523026084673365540,3763636,330.35118019,16.42898256,0.0243299007415771,0.0233558006584644,55991.6570619,20.98660087585449,0.0570719987154006,20.90390014648437,0.005640999879688,21.03499984741211,0.0959130004048347,195035141,655360,196608,11,5029.39990234375,725.7899780273438,0.0973192974925041,0.0934230983257293,0.9665729999542236,0.9363269805908204,-30.04030036926269,0.3745059967041015,0.6523569822311401,0.9984310269355774,0.9984310269355774,1.1412299871444702,0.1354780048131942,0.0089456802234053,0.0917967036366462,0.8581259846687317,0.6807219982147217,1.4633799764851574e-05,8.351830160790996e-07,1.5792500562383793e-05,8.909059800998875e-08,0.8684750199317932,2.25,1.399590018991148e-05,1.342379960078688e-06,2.1453099250793457,780.0,0.4504910111427307,8.27188983976157e-08,1.6286800246234634e-06,25.035400390625,0.25,9764.0,2.523032178963523e+18,3786339.0,330.35121166,16.42899348,0.3181850016117096,0.292059987783432,55775.1270496,22.71139907836914,0.8330649733543396,22.593299865722656,0.0117469998076558,,,186646529.0,655364.0,196608.0,8.0,5028.97021484375,725.948974609375,1.272729992866516,1.168230056762695,0.9048830270767212,0.864916980266571,-71.2614974975586,1.031000018119812,,0.995329976081848,0.995329976081848,1.2558599710464478,,,,,,2.988339929288486e-06,2.489480039002956e-06,3.331660082039889e-06,3.9136399010430984e-08,0.829177975654602,2.2500100135803223,,,,900.0,,1.4605700471292948e-07,4.4599000830203295e-06,25.045499801635746,0.2500010132789612,0.0047225615504268,,,,,,,,,,,,,,,,,,1,3.73915,2.82498,0.703922,1.50161,,,,,,,,0.3955001831054723,0.14319992065429688,0.7019996643066406,0.8451995849609375,-1.6893997192382848,0.013217951693923731,0.01017831025646404,0.007062214989796246,0.013031227268515633,0.1331005096435547,0.01580047607421875,-0.09549903869628906,-0.13109970092773793,,276.2596458031357,0,False,4.551443846203104,16.974507495313485,NaN,ZTF20actxpuo,330.355909310976,16.427609554109154
PSO J025317.066+203442.996,,,,132690433210744877,939372000108729,126860449130683,0,17439368472220,13269,1,1774,13,0.800359916687347,939372,29537,3,512024576,61,43.32111125,20.57861003,0.0010000000474974,0.0010000000474974,43.32109918,20.5785925,0.0088499998673796,0.0071700001135468,56304.38043981,3.3424999713897705,0.6810977706794832,0.6423077791849761,0.3514918826571991,46.950394168852505,3.841243511820694,157.81426663473212,-33.911857611163754,,5,53,10,6,14,13,10,1115598000003417,1,1,6312.0,2.5231095807166444e+18,4074683.0,43.32106224,20.57861003,0.0068172998726367,0.0065474999137222,56107.4513772,19.27079963684082,0.0095990002155303,18.170700073242188,0.0016700000269338,17.93079948425293,0.007931999862194,262160391.0,524416.0,196608.0,7.0,5582.759765625,2902.679931640625,0.0272693000733852,0.0261901002377271,1.6986099481582642,1.6423200368881226,11.28159999847412,0.1416909992694854,0.0,0.999422013759613,0.999422013759613,8.404410362243652,0.6847670078277588,0.0041047502309083,0.6574100255966187,2.6502699851989746,1.3403700590133667,7.106609700713307e-05,6.821910005783138e-07,0.0001957609929377,3.270149875334028e-07,0.9250879883766174,3.9999899864196777,0.0002441619872115,1.936670059876633e-06,6.625669956207275,688.0,31.358299255371094,-5.953200155062176e-10,6.764000204384502e-07,24.994600296020508,0.2499990016222,6312,2523098498358843560,4033398,43.3211156,20.57858981,0.0035511699970811,0.0031992099247872,56245.8688254,19.053699493408203,0.0080049997195601,17.858699798583984,0.0016929999692365,17.1658992767334,0.0052290000021457,262160391,524416,196608,6,5582.02001953125,2902.389892578125,0.0142046995460987,0.0127967996522784,1.0929700136184692,0.997708022594452,34.83570098876953,0.2956370115280151,0.0,0.9968979954719543,0.9968979954719543,21.55039978027344,0.2804459929466247,0.0044393697753548,0.2620770037174225,2.629349946975708,1.1317299604415894,8.680299652041867e-05,6.948420150365564e-07,0.0002609289949759,4.41834998810009e-07,0.8817179799079895,2.5,0.0004938850179314,2.5824599561019568e-06,6.573390007019043,520.0,42.94110107421875,6.646519778996662e-08,9.81592961579736e-07,25.017799377441406,0.25,6312,2523100445052770472,4040650,43.32107311,20.57858844,0.0023773000575602,0.0021880799904465,56454.9801389,18.76650047302246,0.0057230000384151,17.54509925842285,0.000953999988269,16.688100814819336,0.0038439999334514,262160391,524416,196608,13,5582.60986328125,2902.3701171875,0.0095092197880148,0.0087523404508829,1.005270004272461,0.9321489930152892,59.919700622558594,0.0957064032554626,0.0,0.9984599947929382,0.9984599947929382,44.51070022583008,0.2227720022201538,0.0006964150234125,0.2094900012016296,2.7497498989105225,1.0730199813842771,0.0001130859964177,6.472309905802831e-07,0.0003483149921521,3.322649888559681e-07,0.8527560234069824,2.25,0.0007669429760426,2.947979965028935e-06,6.874380111694336,1215.0,51.37300109863281,4.035129919088831e-08,9.41371013141179e-07,25.044700622558597,0.25,6312,2523108458656438440,4070503,43.32113081,20.57862276,0.0025240699760615,0.0023307299707084,56125.4395483,18.528600692749023,0.0065480000339448,17.45330047607422,0.001209000009112,16.508699417114258,0.0047380002215504,262160391,524416,196608,12,5581.85009765625,2902.8701171875,0.0100963003933429,0.0093229198828339,0.9183369874954224,0.8728950023651123,59.4015998840332,0.3144130110740661,0.0,0.9979450106620787,0.9979450106620787,29.346599578857425,0.2087769955396652,0.0035540899261832,0.1949889957904815,2.5988800525665283,1.0559699535369873,0.0001407859963364,9.218949799105758e-07,0.0003790420014411,4.583679924508033e-07,0.8554580211639404,2.0,0.0009047429775819,4.287080173526192e-06,6.497200012207031,720.0,47.88610076904297,3.5027600375769914e-08,1.655100049902103e-06,25.03860092163086,0.25,6312.0,2.523104781090691e+18,4056803.0,43.32111125,20.57861712,0.0040915799327194,0.0035083401016891,55983.8899658,18.210899353027344,0.0107699995860457,17.0310001373291,0.0010669999755918,16.332599639892578,0.0077280001714825,262160391.0,524416.0,196608.0,10.0,5582.10009765625,2902.800048828125,0.0163662992417812,0.0140334004536271,0.9026219844818116,0.8048840165138245,74.49980163574219,0.7531070113182068,0.0,0.997074007987976,0.997074007987976,11.329500198364258,0.2231329977512359,0.0035455799661576,0.2084670066833496,2.469949960708618,1.0710599422454834,0.0001886399986688,2.031629946941393e-06,0.000559221021831,5.965359832771355e-07,0.8645449876785278,2.25,0.0010640299879014,8.222499673138373e-06,6.174880027770996,640.0,35.218299865722656,1.1883099659826257e-07,3.4079901070072083e-06,25.048099517822266,0.25,0.0002428715060047,,,,,,,,,,,,,,,,,,1,5.2656,5.19361,5.36958,5.13234,4.86989,,,,,,,0.09179878234863281,0.3120002746582031,0.3136005401611328,0.6256008148193359,0.4223003387451172,0.0023780557154519494,0.0019432871309850333,0.0015400639595971554,0.0016125042542411221,0.2399005889892578,0.6928005218505859,0.8569984436035156,0.9446010589599609,0.6984004974365234,121.473788773696,0,False,0.2006173129645644,1.0256658009483446,NaN,ZTF21aaeurjb,43.3212856555413,20.57836734445152
PSO J091356.271+261852.868,,,,139571384844638179,1063398000059577,176862458341562,0,16432933672066,13957,1,1880,59,0.120178981796074,1063398,41179,3,512024576,61,138.48446266,26.31468569,0.0010000000474974,0.0010000000474974,138.48447289,26.3146774,0.0052000000141561,0.004590000025928,56105.01980324,1.6438000202178955,-0.6711826254477498,0.5941365659058443,0.4433008282765507,132.93300844066286,9.810297819609689,200.8128054677755,41.82179565808665,,5,74,12,20,18,15,9,1100796000000975,1,1,3864.0,2.523230836770214e+18,4526397.0,138.48446377,26.31468258,0.0081475302577018,0.0077117499895393,55667.1824426,20.106800079345703,0.0125770000740885,19.756000518798828,0.0028909998945891,19.76959991455078,0.0152620002627372,262160391.0,524416.0,196608.0,10.0,3008.090087890625,4972.4501953125,0.0325899012386798,0.0308468006551265,1.579609990119934,1.5503000020980835,-16.19339942932129,0.1876720041036605,1.2105899934096256e-17,0.9983929991722108,0.9983929991722108,1.8847500085830688,0.3794209957122803,-0.0132472999393939,0.3953270018100738,1.4931800365447998,1.0262199640274048,3.290579843451269e-05,4.138640008477523e-07,4.545889896689914e-05,1.314139979058382e-07,0.9127050042152404,3.5000200271606445,4.4892898586113006e-05,6.851569764876331e-07,3.732939958572388,1034.0,8.551919937133789,-8.458980182979303e-09,5.544270038626564e-07,24.964000701904297,0.2500019967556,3864,2523230095083048728,4523634,138.48445688,26.31468294,0.0030786800198256,0.0029405299574136,55736.8261494,19.261499404907227,0.0058690002188086,18.80769920349121,0.0017640000442042,18.73740005493164,0.0074979998171329,262160391,524416,196608,14,3008.169921875,4972.47998046875,0.0123146995902061,0.0117621002718806,1.2886300086975098,1.2152199745178225,-34.09199905395508,0.0836488008499145,5.865709815321281e-38,0.9983019828796388,0.9983019828796388,3.943749904632568,0.2419459968805313,-0.0112872999161481,0.2583020031452179,1.6416800022125244,1.0201300382614136,7.168260344769806e-05,4.207039978609828e-07,0.0001088720018742,1.9203299927994522e-07,0.8786410093307495,2.75,0.0001161570035037,8.709209851076594e-07,4.1041998863220215,1152.0,12.879599571228027,1.2393599924109822e-08,4.483470092964126e-07,25.006000518798828,0.25,3864,2523230412373757720,4524816,138.48446266,26.31469127,0.0023295499850064,0.0022328901104629,56348.0765133,18.69129943847656,0.0045400001108646,18.25329971313477,0.0013409999664872,18.180099487304688,0.0062959999777376,262160391,524416,196608,17,3008.090087890625,4972.58984375,0.0093181701377034,0.0089315297082066,1.2040799856185913,1.192229986190796,79.30729675292969,0.4277980029582977,7.446969799508869e-36,0.9990599751472472,0.9990599751472472,5.070069789886475,0.2503469884395599,-0.0061900899745523,0.2639630138874054,1.7494299411773682,1.028730034828186,0.0001211979979416,5.502429871739878e-07,0.000181411000085,2.433569932236424e-07,0.8996679782867432,3.0000100135803223,0.0001940679940162,1.2218499705340946e-06,4.373579978942871,1189.0,12.500200271606444,3.452069918807865e-08,6.733910140610533e-07,25.004499435424805,0.2500010132789612,3864,2523231001052712728,4527009,138.48446262,26.31468569,0.0026259999722242,0.0024754100013524,56243.3164789,18.48929977416992,0.0057649998925626,18.079099655151367,0.0016759999562054,17.995800018310547,0.0082010002806782,262160391,524416,196608,14,3008.080078125,4972.509765625,0.0105039998888969,0.0099016102030873,1.0710599422454834,1.0356899499893188,-81.91059875488281,0.341280996799469,3.9726999557226174e-28,0.9966250061988832,0.9966250061988832,3.597320079803467,0.1831530034542083,-0.0053697600960731,0.1957709938287735,1.57082998752594,0.9558879733085632,0.0001459789928048,8.4153401758158e-07,0.0002129890053765,3.568709985302121e-07,0.8658030033111572,2.5,0.0002299829939147,1.8860599766412636e-06,3.927079916000366,660.0,10.996500015258787,5.8404499014841356e-08,1.2881099564765464e-06,25.012699127197266,0.25,3864.0,2.5232297380638925e+18,4522304.0,138.48446387,26.3146862,0.0077193998731672,0.0072820098139345,56049.6963622,18.501100540161133,0.0189529992640018,17.95479965209961,0.001494999974966,,,253771783.0,4718720.0,196608.0,10.0,3008.050048828125,4972.509765625,0.0308775994926691,0.0291280001401901,0.9319779872894288,0.8746399879455566,-19.34469985961914,1.0049699544906616,1.4288599710944736e-22,0.9843729734420776,0.9843729734420776,1.7021199464797974,0.2085960060358047,-0.0105419997125864,0.2200260013341903,,0.9444730281829834,0.0001443939981982,2.7366199901734944e-06,0.0002388209977652,3.570499984562048e-07,0.7575780153274536,2.5,,,,780.0,9.77589988708496,9.928540123382845e-08,4.400820216687862e-06,25.01309967041016,0.25,0.0001045509116255,,,,,,,,,,,,,,,,,,1,3.57365,3.30097,3.55453,3.61085,4.3008,,,,,,,0.174200057983402,0.9483013153076172,0.5543994903564418,1.502700805664059,0.12430000305175781,0.003386676327384506,0.002215846805641376,0.0021464521339454963,0.0022458852994640763,-0.013599395751953125,0.07029914855957031,0.07320022583008168,0.08329963684082031,,8.703656558119468,0,False,0.08981022903009502,0.3200330529260962,NaN,ZTF21aapealw,138.48457160527826,26.31466884738802
PSO J005705.453+305355.395,,,,145070142727339080,916411000020698,199655849742553,0,17219735524836,14507,1,1933,73,0.674587229895021,916411,46486,3,512024576,61,14.27272197,30.89872105,0.0010000000474974,0.0010000000474974,14.27271848,30.89872666,0.0054999999701976,0.003969999961555,55902.87865741,1.6902999877929688,0.8315902746892108,0.2115480638289385,0.5135221823179114,25.595945469689845,22.767859758681144,124.36120588731492,-31.957333617519215,,5,54,9,9,12,11,13,1109499000000545,1,1,5758.0,2.5230919643714084e+18,4009057.0,14.27268908,30.89869564,0.0043847002089023,0.0041988501325249,55887.3019171,19.432300567626957,0.0091749997809529,19.207399368286133,0.0024530000519007,19.16699981689453,0.0117429997771978,262160391.0,524416.0,196608.0,8.0,4390.35009765625,1625.8399658203125,0.0175388008356094,0.0167954005300998,1.1113300323486328,1.0579700469970703,-9.381139755249023,0.2846780121326446,3.4563900630502076e-09,0.9985399842262268,0.9985399842262268,1.4337600469589231,0.1909029930830001,0.004847870208323,0.1831859946250915,1.410390019416809,0.9011009931564332,6.124549690866843e-05,5.619269813905703e-07,7.534379983553663e-05,1.847849944169866e-07,0.8865320086479187,2.7499899864196777,7.819900201866403e-05,9.182850249089825e-07,3.525979995727539,860.0,5.9083099365234375,-1.0457699595178838e-08,4.839660050492967e-07,24.99860000610352,0.2499990016222,5758,2523084443615237758,3981040,14.27274291,30.89872105,0.0024835600052028,0.0023709400556981,56129.4371952,18.87179946899414,0.0054009999148547,18.47900009155273,0.0015889999922364,18.30139923095703,0.0079150004312396,262160391,524416,196608,9,4389.68017578125,1626.199951171875,0.0099342297762632,0.0094837602227926,1.0751800537109375,1.04298996925354,14.373600006103516,0.3402400016784668,3.770760057337094e-25,0.9988750219345092,0.9988750219345092,3.266050100326538,0.1887110024690628,-0.0034573799930512,0.1917590051889419,1.9380899667739868,0.9609429836273192,0.0001026340032694,5.542800067814824e-07,0.000147361002746,2.3421499406595106e-07,0.8917940258979797,2.75,0.0001735580008244,1.3737000017499668e-06,4.845230102539063,1040.0,10.359999656677246,1.1033599811582915e-08,6.103809937485494e-07,25.01070022583008,0.25,5758,2523100742479255166,4041758,14.27272116,30.89871665,0.001818889984861,0.0017397500341758,55953.0892276,18.635799407958984,0.0043730000033974,18.208200454711918,0.0014570000348612,17.891399383544922,0.0064119999296963,262160391,524416,196608,12,4389.97998046875,1626.1500244140625,0.007275559939444,0.0069590201601386,0.9696419835090636,0.9650639891624452,16.540800094604492,0.1136879995465278,0.0,0.9969369769096376,0.9969369769096376,6.111810207366943,0.1441400051116943,-0.0018741199746727,0.1476420015096664,2.026309967041016,0.8996019959449768,0.00012754900672,5.577700221692794e-07,0.0001891059946501,2.754630088475097e-07,0.8645449876785278,2.25,0.0002531830104999,1.6233200312854024e-06,5.065760135650635,975.0,14.97920036315918,2.155569944761737e-08,8.734149901101773e-07,25.028400421142575,0.25,5758,2523092608616502910,4011457,14.27272197,30.89873392,0.0031834898982197,0.002791240112856,55949.6474781,18.436899185180664,0.0079460004344582,18.00429916381836,0.001583999954164,17.733600616455078,0.011672000400722,262160391,524416,196608,9,4389.97021484375,1626.4100341796875,0.012733899988234,0.0111648999154567,0.925320029258728,0.868071973323822,-53.26399993896485,0.0955990031361579,0.0,0.997281014919281,0.997281014919281,2.596699953079224,0.128039002418518,-0.0024978299625217,0.1341280043125152,1.6094000339508057,0.8711540102958679,0.0001532010064693,1.2173700270068366e-06,0.0002281880006194,3.614050001488067e-07,0.830590009689331,2.0,0.0002927820023614,3.417339939915109e-06,4.023499965667725,690.0,17.40690040588379,-1.0659199745077784e-08,1.776719955159933e-06,25.04080009460449,0.2500010132789612,5758.0,2.5230845799804493e+18,3981548.0,14.27272909,30.89873408,0.0060957199893891,0.0056199398823082,55907.8036681,18.26099967956543,0.0147000001743435,17.805599212646484,0.0013920000055804,17.797800064086914,0.0214290004223585,262160391.0,524416.0,196608.0,10.0,4389.89013671875,1626.4000244140625,0.0243829004466533,0.0224798005074262,0.9291359782218932,0.8870689868927002,86.03520202636719,1.083739995956421,2.0969600275458646e-16,0.996982991695404,0.996982991695404,1.4901399612426758,0.1937550008296966,-0.0041606999002397,0.2007859945297241,1.373270034790039,0.9129289984703064,0.0001801439939299,2.648110012160032e-06,0.0002740139898378,3.8149400438669545e-07,0.872169017791748,2.5,0.0002759890048764,5.914229859627085e-06,3.4331600666046143,760.0,8.216400146484375,-4.088239968780272e-09,3.726509930856992e-06,25.04150009155273,0.25,1.7819458203804116e-05,,,,,,,,,,,,,,,,,,1,3.04496,4.28612,4.57097,3.18537,1.90295,,,,,,,0.20390129089355824,0.728399276733402,0.2707996368408132,0.9991989135742152,0.198699951171875,0.0029226922913560566,0.002155868752246485,0.0021521860877668298,0.002108724702356234,0.04039955139160156,0.17760086059569957,0.31680107116699574,0.27069854736328125,0.0077991485595703125,10.705079139277537,0,False,0.015878584381260444,0.04833830016271561,NaN,ZTF19aboqyyi,14.272733832152763,30.898724060729947
PSO J170851.408+662333.488,,,,187672572143371926,987420000000445,331043194274236,0,14794133584543,18767,1,2527,56,0.867419266018476,987420,77077,3,436527104,52,257.21420412,66.39263571,0.0010000000474974,0.0010000000474974,257.21420616,66.39262284,0.0185700003057718,0.0451599992811679,56291.91452546,0.6158999800682068,-0.0886260370643946,-0.3905371385817875,0.916311174734113,176.0131903053891,84.90306437793737,96.8179715903994,34.895191695533505,,10,29,0,5,17,7,0,1132661000003851,1,1,2291.0,2.5230044101208986e+18,3682892.0,257.21451406,66.3925387,0.0623332001268863,0.0573486983776092,55980.8499904,22.3705997467041,0.1223059967160224,21.8533992767334,0.0116769997403025,21.78809928894043,0.117636002600193,195035141.0,655360.0,196608.0,7.0,1603.68994140625,5964.39013671875,0.249331995844841,0.2293940037488937,1.253350019454956,1.1924200057983398,-68.13369750976562,0.0344863012433052,0.3923630118370056,0.999185025691986,0.999185025691986,1.9880499839782717,0.2357490062713623,-0.0028813700191676,0.2004760056734085,1.0812000036239624,0.6414240002632141,4.090170023118844e-06,5.002519856134313e-07,6.586530162167037e-06,7.691240000440304e-08,0.8865320086479187,2.7500100135803223,6.994649993430357e-06,8.228220167438849e-07,2.703010082244873,430.0,0.8553400039672852,3.4422498629282934e-08,8.741549777369073e-07,25.002500534057617,0.2500010132789612,2291,2523004480182552819,3683153,257.2142012,66.39262798,0.0288922991603612,0.0272189993411302,56358.5623414,21.60090065002441,0.0665080025792121,21.718700408935547,0.0081409998238086,21.80820083618164,0.1019729971885681,195035141,524288,196608,7,1605.47998046875,5965.68994140625,0.1155690029263496,0.108875997364521,1.0196599960327148,0.9713940024375916,58.483699798583984,0.0753820016980171,-0.4368390142917633,0.998332977294922,0.998332977294922,1.2244900465011597,0.1205279976129531,0.0033823000267148,0.1241059973835945,0.6639220118522644,0.7324910163879395,8.310439625347499e-06,5.52711981072207e-07,7.456460025423439e-06,6.070099800581374e-08,0.8409669995307922,2.25,6.865980139991734e-06,7.001469839451602e-07,1.659809947013855,780.0,-0.777541995048523,3.416669969169561e-08,8.469530143884185e-07,25.04210090637207,0.25,2291,2523059813319969011,3889285,257.21419853,66.3926474,0.0196272991597652,0.0192380007356405,56570.9098348,20.97360038757324,0.0329900011420249,20.93709945678711,0.0037579999770969,21.020999908447266,0.0526239983737468,262144005,524416,196608,19,1605.5,5965.9501953125,0.0785090997815132,0.0769520998001098,1.0703500509262085,1.0244100093841553,-31.43589973449707,0.6618340015411377,0.1123339980840683,0.9981579780578612,0.9981579780578612,1.2453800439834597,0.1725929975509643,-0.0114575996994972,0.1762440055608749,0.917602002620697,0.7531059980392456,1.4809699678153264e-05,4.885679913968488e-07,1.5316200006054714e-05,5.7558899868581654e-08,0.8865320086479187,2.75,1.4177800039760768e-05,7.460889719368424e-07,2.2939999103546143,1800.0,1.5877900123596191,1.1905900265674065e-08,8.141340117617801e-07,25.009899139404297,0.25,2291,2523031592700479731,3784155,257.21416731,66.3926346,0.0241272002458572,0.0230736006051301,55829.6211058,20.680400848388672,0.0578010007739067,20.806400299072266,0.0060259997844696,20.91189956665039,0.0892189964652061,195035141,655360,196608,11,1605.6700439453125,5965.7998046875,0.0965088009834289,0.0922942981123924,1.029960036277771,0.9889270067214966,48.672698974609375,0.5082749724388123,-0.4230119884014129,0.9976770281791688,0.9976770281791688,1.84103000164032,0.1560730040073394,0.0104152001440525,0.1421470046043396,0.7440860271453857,0.6583629846572876,1.940229958563577e-05,1.1214699497941185e-06,1.7275100617553107e-05,1.0410700213014935e-07,0.8785349726676941,2.5,1.5676099792472087e-05,1.3986100384499878e-06,1.8602099418640137,630.0,-0.8012070059776306,1.0248400350576505e-08,1.745650024531642e-06,25.01320075988769,0.25,2291.0,2.5230042748294287e+18,3682388.0,257.21420598,66.39263681,0.0582254007458686,0.0556709989905357,56008.8400899,20.626100540161133,0.1397819966077804,20.27120018005371,0.0052310000173747,20.44409942626953,0.1899980008602142,195035141.0,655360.0,196608.0,8.0,1605.469970703125,5965.830078125,0.2329020053148269,0.2226849943399429,0.975220024585724,0.9342430233955384,-10.515000343322754,0.9121249914169312,0.0118599003180861,0.9969289898872375,0.9969289898872375,1.1447399854660034,0.1414259970188141,0.0002646410139277,0.1800560057163238,0.9875059723854064,0.8965590000152588,2.0396300897118635e-05,2.8510301035566954e-06,2.828210017469246e-05,1.4793600655593766e-07,0.8689860105514526,2.4999899864196777,2.411989953543525e-05,4.582740075420588e-06,2.4687700271606445,520.0,2.5162899494171143,9.635210318492683e-08,4.3577001633821055e-06,25.04829978942871,0.2499990016222,0.0064991474281206,,,,,,,,,,,,,,,,,,1,30.5954,0.786985,1.30964,1.19592,0.930648,,,,,,,0.13069915771484375,0.13469886779785156,0.7816009521484375,0.9162998199462891,0.5352001190185547,0.014234753284348707,0.0089665178279593,0.007101777047351456,0.007979726473019096,0.06529998779296875,-0.08950042724609375,-0.08390045166015625,-0.105499267578125,-0.1728992462158203,80.40028150264455,0,False,0.7798381401414051,23.477951194715935,NaN,ZTF18aamxovy,257.2036837732555,66.38764571838502
PSO J152443.282+744851.913,,,,197772311802048031,958932000023651,345865126435940,0,14612135492490,19777,1,2588,72,0.331325256574271,958932,80528,3,444915712,53,231.18034238,74.81442039,0.0010000000474974,0.0010000000474974,231.18044167,74.81436984,0.0720100030303001,0.0838700011372566,56067.27818287,3.782099962234497,-0.1642067552854262,-0.2040893122844346,0.965082221434992,129.86409160771592,75.15616941549685,110.94798141423432,38.53288906785825,,5,10,1,0,5,4,0,1497254000001789,1,1,1122.0,2.523040178340103e+18,3816139.0,231.18045826,74.81437604,0.0852677002549171,0.0761428996920585,56090.8518892,22.785400390625,0.1304759979248047,22.289899826049805,0.0105569995939731,22.37430000305176,0.161324992775917,262160391.0,655360.0,196608.0,11.0,1025.3900146484375,835.0770263671875,0.3410669863224029,0.3045679926872253,1.4517300128936768,1.311169981956482,-75.07119750976562,0.0246581006795167,5.554379822569899e-05,0.9982510209083556,0.9982510209083556,1.219789981842041,0.3200950026512146,-0.0527781993150711,0.3444840013980865,1.2313400506973269,0.9627130031585692,2.791560063997167e-06,3.642329886588414e-07,4.405930212669773e-06,4.651240104180943e-08,0.904075026512146,3.250030040740967,4.076309778611176e-06,6.576099735866592e-07,3.078360080718994,774.0,4.030980110168457,1.2573200258714225e-08,6.468109745583206e-07,25.002099990844727,0.2500030100345611,1122,2522991120686777442,3633385,231.18021935,74.81452904,0.095390498638153,0.0895653963088989,56359.42163,22.19650077819824,0.1581010073423385,21.8567008972168,0.0075630000792443,21.911500930786133,0.1869540065526962,195035141,655360,196608,9,1026.4200439453125,837.1279907226562,0.3815619945526123,0.3582620024681091,1.2860900163650513,1.2283400297164917,-81.79750061035156,0.499904990196228,0.1741299927234649,0.9981369972229004,0.9981369972229004,1.2162799835205078,0.2468110024929046,-0.0411798991262912,0.2988150119781494,1.0506099462509155,0.7645890116691589,4.801599970960524e-06,7.591360144942882e-07,6.566100182681112e-06,4.966080169310772e-08,0.902191996574402,3.25,6.2432000049739145e-06,1.167190021078568e-06,2.6265199184417725,1020.0,1.3590500354766846,4.6767798522751044e-09,9.677950174591388e-07,25.004600524902344,0.25,1122,2523060088734745698,3890311,231.18036733,74.81444863,0.0326246991753578,0.0313061997294425,56137.9925244,21.273700714111328,0.0659170001745224,20.717300415039062,0.004248000215739,20.7942008972168,0.0744810029864311,262160391,655360,196608,10,1025.77001953125,836.0120239257812,0.130498006939888,0.1252239942550659,1.1273200511932373,1.1104700565338137,-87.97129821777344,0.4066160023212433,2.447799992214006e-12,0.9978240132331848,0.9978240132331848,1.2887500524520874,0.2643350064754486,-0.0395545996725559,0.2651439905166626,1.118499994277954,0.7896829843521118,1.1233300028834492e-05,7.404639745800523e-07,1.8754100892692804e-05,7.967599913172307e-08,0.8891630172729492,2.7500100135803223,1.7471800674684346e-05,1.301320025959285e-06,2.796250104904175,1147.0,7.006259918212891,2.6955900622738227e-08,1.182169967250957e-06,25.015100479125977,0.2500010132789612,1122,2522989917827499106,3628904,231.18034238,74.81441774,0.0298670995980501,0.0286509990692138,56243.6374653,20.8617000579834,0.0649709999561309,20.05030059814453,0.0038320000749081,20.11549949645996,0.0671989992260932,262160391,655360,196608,9,1025.8499755859375,835.5369873046875,0.1194680035114288,0.1146039962768554,1.0878700017929075,1.0532699823379517,8.955430030822754,0.3492940068244934,1.809010047655579e-29,0.9974390268325806,0.9974390268325806,1.2718499898910522,0.2260079979896545,-0.0161291994154453,0.2849119901657104,1.2290500402450562,0.889074981212616,1.641769995330833e-05,1.0666700518413563e-06,3.466369889792986e-05,1.3283100486205512e-07,0.8689860105514526,2.5,3.2642801670590416e-05,2.193570026065572e-06,3.072639942169189,780.0,11.27180004119873,3.2246500580868094e-08,1.487589997850591e-06,25.007099151611328,0.25,1122.0,2.523050060254545e+18,3852952.0,231.18014191,74.81442039,0.0669723004102706,0.0614252984523773,56040.5060954,20.14780044555664,0.1273940056562423,19.789499282836918,0.0032210000790655,19.86370086669922,0.1595979928970337,195035141.0,655360.0,196608.0,8.0,1026.5999755859375,835.5449829101562,0.2678880095481872,0.2457000017166137,1.19268000125885,1.101330041885376,-88.45390319824219,1.0962599515914917,0.0032316599972546,0.9990360140800476,0.9990360140800476,1.301800012588501,0.2582150101661682,-0.0005205849884077,0.2886779904365539,1.2219500541687012,0.8544049859046936,3.1686700822319835e-05,4.036679911223473e-06,4.407580127008259e-05,1.419680017988867e-07,0.9003080129623413,3.2500200271606445,4.1163901187246665e-05,6.569659944943851e-06,3.054860115051269,870.0,2.944799900054932,1.7838800658864787e-07,5.063659955339972e-06,25.00950050354004,0.2500010132789612,0.0136690979427034,,,,,,,,,,,,,,,,,,1,12.3122,0.315109,1.49974,1.93547,7.37983,,,,,,,0.6669998168945312,0.43319892883300426,1.139400482177738,1.5725994110107422,0.26080131530761363,0.012986501092511312,0.008674357384358098,0.005720990334462581,0.005005903123656673,-0.08440017700195668,-0.054800033569332385,-0.07690048217773793,-0.06519889831542969,-0.07420158386230113,40.61485935040337,0,False,4.0970129500994865,49.180395094971296,NaN,ZTF19aaktknb,231.1322013251813,74.81956630006474
PSO J114316.012+844500.216,,,,209701758169160784,1102834000030067,360382115902835,0,15670226115585,20970,1,2638,21,0.854832528023825,1102834,83908,3,436527104,52,175.81672036,84.75006007,0.0010000000474974,0.0010000000474974,175.81670906,84.75004646,0.0959900021553039,0.1218999996781349,56522.18744213,2.546299934387207,-0.0912570340955173,0.0066747416145711,0.9958050017711642,102.78266986509306,65.64087883314646,124.74676306772638,32.135914538633514,,4,13,3,3,6,1,0,1476993000000892,1,1,3447.0,2.522929548840931e+18,3404012.0,175.81672036,84.75004709,0.0675730034708976,0.0546195991337299,56018.4728421,21.88500022888184,0.0906509980559349,21.436199188232425,0.009265000000596,21.39559936523437,0.0992320030927658,262160391.0,655360.0,196608.0,9.0,3736.570068359375,2902.68994140625,0.2702899873256683,0.2184769958257675,1.774940013885498,1.5719900131225586,56.4281005859375,0.1343660056591034,3.75783997696999e-06,0.9996399879455566,0.9996399879455566,1.4176599979400637,0.4450739920139313,-0.0305774006992578,0.4044370055198669,1.4659500122070312,0.9092559814453124,6.397309789463179e-06,5.799240057058341e-07,9.672199666965753e-06,8.961149688957448e-08,0.9201149940490724,4.0000200271606445,1.004069963528309e-05,9.96362018668151e-07,3.6648800373077393,491.0,4.624340057373047,-2.283930022883851e-08,7.675350275349047e-07,24.90679931640625,0.2500010132789612,3447,2523066157523537271,3912919,175.81732178,84.75010285,0.0430920012295246,0.0403256006538867,56499.285242,21.42449951171875,0.0748820006847381,21.162500381469727,0.0072789997793734,21.202600479125977,0.0962539985775947,262160391,655360,196608,12,3736.0,2903.659912109375,0.1723680049180984,0.1613020002841949,1.3249200582504272,1.251520037651062,-80.37079620361328,0.3439550101757049,9.706919809104876e-05,0.9979060292243958,0.9979060292243958,1.3689099550247192,0.3100700080394745,-0.0221446007490158,0.2592509984970093,1.0932999849319458,0.7375590205192566,9.776479600986931e-06,7.320870167859539e-07,1.2445600077626295e-05,9.059009897782745e-08,0.902191996574402,3.2500100135803223,1.1993800399068276e-05,1.1544600511115275e-06,2.733259916305542,600.0,3.8977999687194815,3.07408996036429e-08,1.2066700492141536e-06,24.96109962463379,0.2500010132789612,3447,2522930701502778743,3408306,175.81660217,84.75006007,0.0419749990105629,0.0383969992399215,56343.5551525,21.0492000579834,0.0636729970574379,20.614500045776367,0.004226999823004,20.81060028076172,0.0837000012397766,262160391,655360,196608,15,3736.719970703125,2902.81005859375,0.1678999960422516,0.1535879969596862,1.5148299932479858,1.422860026359558,-88.83999633789062,0.2758870124816894,0.0026933199260383,0.9988170266151428,0.9988170266151428,1.480129957199097,0.3908990025520324,-0.0102135995402932,0.3275580108165741,1.2300699949264526,0.8277639746665955,1.3813500117976218e-05,8.795529993221862e-07,2.061660052277148e-05,8.715009869320056e-08,0.9195619821548462,3.750010013580322,1.720890031720046e-05,1.4403899513126817e-06,3.0751700401306152,1054.0,3.000730037689209,1.0691999818845944e-07,1.4654200413133367e-06,24.971200942993164,0.25,3447,2522931667870420343,3411906,175.81705199,84.75005264,0.0485436990857124,0.0452273003757,55919.0140712,21.026199340820312,0.0908010005950927,20.60580062866211,0.0054770000278949,20.64830017089844,0.1120420023798942,262160391,655360,196608,11,3736.1298828125,2902.830078125,0.1941750049591064,0.1809089928865432,1.2641299962997437,1.1545000076293943,86.59819793701172,0.5084919929504395,7.838569899831782e-07,0.9988999962806702,0.9988999962806702,1.3493900299072266,0.3100880086421966,0.0149822002276778,0.3095459938049316,1.153939962387085,0.8452770113945007,1.4110300071479289e-05,1.2812199656764278e-06,2.078090074064676e-05,1.138160001801225e-07,0.8996679782867432,3.0,1.998369953071233e-05,2.239009972981876e-06,2.884860038757324,630.0,4.939340114593506,-1.878260036392021e-08,1.9416099803493125e-06,24.99839973449707,0.25,3447.0,2.5230506159159414e+18,3855022.0,175.81663623,84.75006036,0.1221359968185424,0.1134969964623451,56197.8991607,21.03779983520508,0.2319079935550689,20.971599578857425,0.0066590001806616,,,186646529.0,655364.0,196608.0,8.0,3736.679931640625,2902.81005859375,0.4885460138320923,0.4539889991283417,1.2287299633026123,1.1680200099945068,87.90779876708984,0.5880119800567627,,0.9758560061454772,0.9758560061454772,1.5997099876403809,,,,,,1.3960299838799983e-05,3.237490091123618e-06,1.4837300113867968e-05,9.879560280978694e-08,0.565883994102478,3.0,,,,610.0,,2.489169901309652e-07,5.244679869065294e-06,25.00749969482422,0.25,0.0137873695917445,,,,,,,,,,,,,,,,,,1,14.5866,4.75313,3.0818,3.25239,0.306099,,,,,,,0.008699417114257812,0.27369880676269887,0.5480003356933594,0.8216991424560582,-0.36579895019531605,0.011782362360713656,0.008417325305095072,0.006918457690066232,0.008622053856919009,0.04059982299805398,-0.04010009765625,-0.19610023498535156,-0.04249954223633168,,38.60927380877382,0,False,3.5003957703202073,49.66989974058833,NaN,ZTF20aasrnvf,175.8781078408075,84.7374478611699
PSO J205659.764-230219.450,,,,80353142490153827,1030749000011308,517427595062317,0,13040150912667,8035,1,869,21,0.0591525566383754,1030749,120473,3,436527104,52,314.24901593,-23.03875427,0.0010000000474974,0.0010000000474974,314.24901724,-23.03873628,0.0160399992018938,0.0125900004059076,56381.44376157,0.9765999913215636,0.6421237207806583,-0.6591810578054466,-0.3913533700395278,310.1774304658686,-5.557953757140228,23.553686421654003,-37.23111589005241,,4,58,0,2,43,11,2,1158470000000646,1,1,10024.0,2.523123616132901e+18,4126969.0,314.24901593,-23.03875093,0.193791002035141,0.1799709945917129,55939.7654945,24.01799964904785,0.3615629971027374,22.55139923095703,0.0113369999453425,,,186646529.0,655364.0,196608.0,10.0,4986.83984375,2537.610107421875,0.7751619815826416,0.7198820114135742,1.2542400360107422,1.185130000114441,-41.56890106201172,0.0370226018130779,,0.98165100812912,0.98165100812912,1.8156700134277344,,,,,,8.970100111582724e-07,3.243260096041922e-07,3.4629099445737666e-06,3.925960001538442e-08,0.565883994102478,3.0000100135803223,,,,860.0,,-1.005080019211846e-08,6.231139764167892e-07,25.002700805664062,0.25,10024,2523123927786465064,4128130,314.24900641,-23.03874902,0.0318732000887393,0.0298289991915226,55893.5194853,21.83970069885254,0.0659229978919029,21.28700065612793,0.0065959999337792,21.12529945373535,0.0714489966630935,262160391,655360,196608,10,4986.9599609375,2537.659912109375,0.1274929940700531,0.1193159967660904,1.048259973526001,0.995050013065338,-40.54650115966797,0.5636900067329407,7.637680071725939e-11,0.9983220100402832,0.9983220100402832,1.9812300205230715,0.1856680065393448,-0.0088231200352311,0.1941549926996231,1.2274099588394165,0.8486149907112122,6.670029961242108e-06,4.3971098762085603e-07,1.1097000424342696e-05,7.319020056684168e-08,0.8891630172729492,2.7499899864196777,1.287849954678677e-05,9.201500006383868e-07,3.0685300827026367,800.0,6.507569789886475,-2.257019993123777e-08,7.463580118383106e-07,25.01499938964844,0.25,10024,2523124035429082920,4128531,314.24901575,-23.03875617,0.0069461800158023,0.0065140300430357,56586.9250595,20.851299285888672,0.0150189995765686,20.680700302124023,0.0023749999236315,,,253771783,4849792,196608,54,4986.85009765625,2537.5400390625,0.0277846995741128,0.0260562002658844,1.044119954109192,1.0008000135421753,-51.332401275634766,0.6992819905281067,1.1303399993778385e-08,0.9811959862709044,0.9811959862709044,9.859319686889648,0.1770740002393722,0.0025900800246745,0.1866430044174194,,0.8649740219116211,1.6576099369558506e-05,2.489570078978432e-07,1.9395600247662514e-05,4.60554012704506e-08,0.6629260182380676,2.75,,,,3540.0,5.709909915924072,-4.5022199302025e-09,4.361239973604825e-07,25.018600463867188,0.25,10024,2523163264318187304,4274670,314.24903872,-23.03875427,0.017731299623847,0.0174988005310297,56029.9016208,20.329500198364254,0.0337570011615753,20.34480094909668,0.0047169998288154,,,253755397,524416,196608,11,4986.52978515625,2537.590087890625,0.070925198495388,0.0699955001473426,1.001139998435974,0.9760469794273376,-25.70639991760254,0.252157986164093,0.2718999981880188,0.9977830052375792,0.9977830052375792,3.3802499771118164,0.1288580000400543,0.0078734196722507,0.1346630007028579,,0.7241050004959106,2.680289981071837e-05,9.047969911080144e-07,2.6429699573782276e-05,1.2466000498534413e-07,0.8370370268821716,2.25,,,,660.0,1.0987000465393066,4.069359960112706e-08,1.685720008026692e-06,25.04290008544922,0.25,10024.0,2.5231635193318707e+18,4275620.0,314.2490302,-23.03875599,0.0346351005136966,0.0317819006741046,55778.1357823,20.08720016479492,0.0802860036492347,19.932600021362305,0.0037259999662637,20.483699798583984,0.1455820053815841,195035141.0,655360.0,196608.0,12.0,4986.64990234375,2537.56005859375,0.1385409981012344,0.127128005027771,1.0201900005340576,0.9617679715156556,-54.16949844360352,0.8069440126419067,-0.1625220030546188,0.9978920221328736,0.9978920221328736,1.2105799913406372,0.138492003083229,0.0132425995543599,0.1553889960050583,0.7855939865112305,0.8443729877471924,3.350510087329894e-05,2.6899999738816405e-06,3.863270103465766e-05,1.439539971670456e-07,0.8689860105514526,2.5,2.325499917787965e-05,3.385499894648092e-06,1.9639899730682373,760.0,-1.3966399431228638,9.162990011191141e-08,4.228999841870973e-06,25.018199920654297,0.25,0.0035120871986984,,,,,,,,,,,,,,,,,,1,-1732.07,2.57177,3.92611,2.23636,1.07101,,,,,,,0.33589935302734375,1.2643985748291016,0.6063003540039062,1.8706989288330078,0.412200927734375,0.013116203066707648,0.007010552029880731,0.00528116578250429,0.006011086684921588,,0.16170120239257812,,,-0.5510997772216797,12.268993869013087,0,,4.942856316378653,12.653320299510957,NaN,ZTF18acaduue,314.2514275950863,-23.036009779950103
PSO J232636.744+294125.683,,,,143623516530849141,1082060000003462,197212013333893,0,13330356683072,14362,1,2007,43,0.876658560593295,1082060,45917,3,444915712,53,351.65310259,29.69046768,0.0010000000474974,0.0010000000474974,351.65311721,29.69048059,0.0082700001075863,0.0115200001746416,55861.69428241,3.59879994392395,0.8595118277502438,-0.1261075723465901,0.4953143427706135,5.404988681469073,30.30511737725648,101.73108418187974,-29.66546821403643,,5,47,11,10,8,6,12,1207976000005545,1,1,3174.0,2.523079578759466e+18,3962917.0,351.65310259,29.69048237,0.0037718799430876,0.0035621700808405,55899.1939912,19.20599937438965,0.007414000108838,18.68899917602539,0.0020500000100582,18.44230079650879,0.0058400002308189,262160391.0,524416.0,196608.0,10.0,2231.929931640625,1605.22998046875,0.0150875002145767,0.0142486998811364,1.2363100051879885,1.200760006904602,-22.32169914245605,0.375995010137558,0.0,0.9987819790840148,0.9987819790840148,2.4374001026153564,0.318679004907608,-0.0282751992344856,0.3199439942836761,1.373129963874817,1.1191600561141968,7.543640094809234e-05,5.592580123447988e-07,0.0001214529984281,2.490019994638715e-07,0.8952469825744629,3.0,0.0001524389954283,8.902100034902105e-07,3.432810068130493,774.0,20.837499618530277,1.013180028763827e-08,5.486729719450523e-07,24.97769927978516,0.25,3174,2523081189372202086,3968917,351.65310267,29.69048586,0.0025938600301742,0.0024740700609982,55860.04988,19.093000411987305,0.0059690000489354,18.826099395751957,0.0021289999131113,,,186662917,4718720,196608,10,2231.929931640625,1605.260009765625,0.0103754000738263,0.0098962895572185,1.0541800260543823,1.0206400156021118,-72.9645004272461,0.3384140133857727,0.0,0.9832969903945924,0.9832969903945924,2.831110000610352,0.2327570021152496,-0.0223120003938674,0.229994997382164,,1.041509985923767,8.371630246983841e-05,4.996750249119941e-07,0.0001070450016413,2.278480053519161e-07,0.7512109875679016,2.5,,,,800.0,19.65589904785156,2.4401799691986525e-08,6.831349992353353e-07,25.022600173950195,0.25,3174,2523083633745464422,3978023,351.65310833,29.69046768,0.0031201299279928,0.0028943500947207,56066.6090409,19.27779960632324,0.0077080000191926,18.79050064086914,0.0017079999670386,18.102100372314453,0.0075139999389648,262160391,524416,196608,10,2231.85009765625,1605.0,0.0124805998057127,0.0115774003788828,0.9755539894104004,0.9125509858131408,-67.96440124511719,0.2173579931259155,0.0,0.9975119829177856,0.9975119829177856,67.30130004882812,0.1941699981689453,-0.0172351002693176,0.1909089982509613,1.626979947090149,0.9932929873466492,7.061310316203162e-05,5.443019972517504e-07,0.0001106069976231,1.8896399467394081e-07,0.8606160283088684,2.25,0.0002085190062643,1.56688997776655e-06,4.067460060119629,1230.0,31.66399955749512,2.8759300718661507e-08,8.664649726597418e-07,25.010400772094727,0.2499990016222,3174,2523083513217944678,3977574,351.65308021,29.69044221,0.006681109778583,0.0063614598475396,55893.1168887,19.071399688720703,0.0157660003751516,18.518299102783203,0.0018279999494552,17.812999725341797,0.015269000083208,262160391,655488,196608,5,2232.199951171875,1604.6400146484375,0.0267245005816221,0.0254459008574485,1.0496000051498413,0.9863190054893494,-68.98580169677734,0.5684300065040588,0.0,0.9966639876365662,0.9966639876365662,17.02560043334961,0.2516649961471557,-0.0158597994595766,0.2647109925746918,1.9976799488067627,1.0360900163650513,8.539349801139906e-05,1.3463500181387644e-06,0.0001421219931216,2.598700064027071e-07,0.872169017791748,2.5,0.0002721349883358,4.155169790465152e-06,4.99420976638794,840.0,27.874799728393555,5.382230128248011e-08,1.6651899841235718e-06,25.008899688720703,0.25,3174.0,2.5231044911803955e+18,4055723.0,351.65309421,29.69046164,0.007349070161581,0.0068057598546147,55875.7809574,18.79840087890625,0.0183739997446537,18.33489990234375,0.0016850000247359,17.67690086364746,0.0193150006234645,262160391.0,524416.0,196608.0,12.0,2232.02001953125,1604.9100341796875,0.0293962992727756,0.0272230003029108,0.930374026298523,0.8846750259399414,70.08580017089844,0.7381430268287659,0.0,0.9961709976196288,0.9961709976196288,9.610770225524902,0.212918996810913,-0.0089173698797822,0.2083200067281723,1.7067300081253052,0.9753040075302124,0.0001098119973903,2.017699898715364e-06,0.0001682769943727,2.834750034708122e-07,0.8684750199317932,2.25,0.0003084779891651,5.958119800197892e-06,4.266839981079102,850.0,28.20389938354492,7.291669845699289e-08,3.6602500586013775e-06,25.04019927978516,0.25,0.0034849270329414,,,,,,,,,,,,,,,,,,1,3.61744,1.4956,3.22361,5.28283,6.3449,,,,,,,0.2722015380859375,-0.13710021972656605,0.03559875488281605,-0.10150146484375,0.18339920043945312,0.0029555271393216036,0.0027294513216820303,0.002501768914710564,0.002486123266969721,0.24669837951660156,,0.6884002685546875,0.7052993774414062,0.6579990386962891,75.61027825352643,0,,3.497224109757562,12.629942674972348,NaN,ZTF18acfhrwl,351.64993260002984,29.688323155601864
PSO J001005.010+360718.717,,,,151340025207157016,908464000026183,198208445769288,0,17188453246470,15134,1,2086,9,0.463017246185818,908464,46149,3,444915712,53,2.52087729,36.12186595,0.0010000000474974,0.0010000000474974,2.52072738,36.12198884,0.1222100034356117,0.1144800037145614,55927.52125,11.109700202941896,0.8069820927923059,0.0355260948930013,0.5895064024200276,18.31298620870657,31.784784619922146,113.64981430656012,-26.003276718701677,,5,16,5,6,3,2,0,1091023000006092,0,1,30.0,2.523087972736172e+18,3994187.0,2.52083448,36.12189925,0.0168690998107194,0.0158348008990287,56024.2423639,21.7362003326416,0.0362909995019435,20.69079971313477,0.005460999906063,20.37240028381348,0.0257769990712404,262160391.0,655488.0,0.0,12.0,18.23730087280273,2559.510009765625,0.0674766972661018,0.0633395984768867,1.0634299516677856,1.0433299541473389,-15.496000289916992,0.3038409948348999,0.0,0.9971529841423036,0.9971529841423036,2.384860038757324,0.2879000008106231,0.0525444000959396,0.2851809859275818,1.4842400550842283,1.0083500146865845,7.336870112339966e-06,2.662619920101861e-07,1.921680086525157e-05,1.0493800317590285e-07,0.8658030033111572,2.4999899864196777,2.576679980847985e-05,6.641819823016704e-07,3.710599899291992,688.0,21.53260040283203,3.284460037278336e-09,5.880630169485812e-07,24.995800018310547,0.2499990016222,30,2523092723506872350,4011885,2.52087729,36.12186595,0.0147738000378012,0.0140677001327276,55983.100057,21.55489921569824,0.0362030006945133,20.40800094604492,0.004953000228852,19.950300216674805,0.0254009999334812,262160391,1572992,0,10,17.713499069213867,2559.010009765625,0.0590954981744289,0.0562710985541343,0.95066499710083,0.9261249899864196,-18.42510032653809,0.306894987821579,0.0,0.9974979758262634,0.9974979758262634,2.5051300525665283,0.2286060005426406,0.0300060007721185,0.227634996175766,1.592640042304993,1.0058399438858032,8.670789611642249e-06,3.13913005811628e-07,2.493399915692862e-05,1.234910058656169e-07,0.8684750199317932,2.2499899864196777,3.800669946940616e-05,9.654110044721165e-07,3.981600046157837,640.0,27.672399520874023,1.5215200210860758e-09,6.640719902861747e-07,25.02389907836914,0.2499990016222,30,2523092535602053150,4011185,2.52080011,36.12195422,0.0188229996711015,0.0175056997686624,56350.6935223,21.31180000305176,0.0441550016403198,20.183500289916992,0.0035840000491589,20.03689956665039,0.0350509993731975,262160391,524288,0,14,18.662599563598636,2560.280029296875,0.0752921998500824,0.0700229033827781,1.0146199464797974,0.9574180245399476,-65.65570068359375,0.4118799865245819,0.0,0.9974240064620972,0.9974240064620972,1.8035800457000728,0.2478239983320236,0.0417732000350952,0.265514999628067,1.4062700271606443,0.9665570259094238,1.0846600162039977e-05,4.789270064975426e-07,3.066219869651832e-05,1.0989499799052282e-07,0.872169017791748,2.5,3.509370071697049e-05,1.2300899925321571e-06,3.51567006111145,990.0,18.893600463867188,1.0735200284273104e-08,8.684280032866809e-07,25.019500732421875,0.25,30,2523084775669891102,3982277,2.52079532,36.12195484,0.0295298993587493,0.0282684992998838,56031.8988381,21.13640022277832,0.0688730031251907,20.464599609375,0.0050730002112686,,,186646529,655364,0,12,18.72150039672852,2560.280029296875,0.1181190013885498,0.1130739971995353,1.0998200178146362,1.0879000425338743,56.62850189208984,0.6148689985275269,,0.9804270267486572,0.9804270267486572,1.295639991760254,,,,,,1.2747899745590985e-05,8.779840072747902e-07,2.3667900677537546e-05,1.2006199767711226e-07,0.6629260182380676,2.7500100135803223,,,,630.0,,1.40373002111005e-08,1.5070800145622345e-06,25.033100128173828,0.25,,,,,,,,,,,,,,,,,,,,,,,,,,,,,,,,,,,,,,,,,,,,,,,,,,,0.000582669114369,,,,,,,,,,,,,,,,,,1,5.68582,7.09769,5.10561,1.42309,6.41036,,,,,,,-0.2810993194580078,0.28279876708985086,0.22450065612792613,0.507299423217777,,0.007372566123204868,0.006113695087210267,0.00621131125414773,,0.31839942932128906,0.45770072937011363,0.14660072326660156,,,,0,,0.35215309737994477,1.9679927235663568,NaN,ZTF20abyrdna,2.520114611675293,36.12222088669007
PSO J170557.513+780910.439,,,,201782564897424280,985496000037923,356838767891492,0,14610944602282,20178,1,2613,55,0.271782652728057,985496,83083,3,444915712,53,256.48954704,78.15287334,0.0010000000474974,0.0010000000474974,256.4896399,78.15289974,0.0363899990916252,0.0668699964880943,56405.75020833,2.075000047683716,-0.0479625840242164,-0.1996195221619122,0.9786989511108968,103.09694284428392,77.78020278445224,110.42839692604296,31.83172371526233,,4,31,0,5,18,8,0,1131377000005329,1,1,2949.0,2.5230044635395553e+18,3683091.0,256.48964804,78.15287201,0.1957640051841735,0.1864349991083145,55954.968303,23.45989990234375,0.2933520078659057,23.04360008239746,0.0164170004427433,,,186646529.0,655364.0,196608.0,8.0,2171.070068359375,2454.159912109375,0.7830560207366943,0.7457399964332581,1.572849988937378,1.5109800100326538,-75.57109832763672,0.0506305992603302,,0.972332000732422,0.972332000732422,1.4493399858474731,,,,,,1.4998699953139294e-06,4.399900035423343e-07,2.200780045313877e-06,3.613039822880637e-08,0.4157519936561584,3.5,,,,645.0,,4.810360110241163e-09,6.238190053409198e-07,24.99099922180176,0.25,2949,2523065714336598917,3911268,256.48952378,78.15294534,0.030851999297738,0.029492599889636,56279.9334236,21.366899490356445,0.0550559982657432,20.778200149536133,0.0039780000224709,20.6835994720459,0.056267999112606,262160391,655360,196608,12,2171.429931640625,2455.199951171875,0.1234079971909523,0.1179699972271919,1.3414000272750854,1.3050899505615234,-65.77909851074219,0.2140910029411316,3.2629199491210797e-21,0.999364972114563,0.999364972114563,1.2323999404907229,0.3246549963951111,0.0034190900623798,0.2706980109214782,1.3102400302886963,0.910273015499115,1.0309599929314572e-05,5.676030241374974e-07,1.772980067471508e-05,7.052800299334194e-08,0.8974570035934448,3.0000100135803223,1.934489955601748e-05,1.088509975488705e-06,3.275609970092773,1380.0,9.453949928283691,3.264790038315368e-08,8.293209816656599e-07,25.001100540161133,0.2500010132789612,2949,2523004141417008005,3681891,256.48963769,78.15287214,0.0170920006930828,0.0161751005798578,56466.3226988,20.6018009185791,0.0314369983971118,20.01619911193848,0.0020949998870491,20.02429962158203,0.0362240001559257,262160391,524416,196608,22,2171.10009765625,2454.1298828125,0.0683678984642028,0.0647004023194313,1.2749600410461426,1.1912699937820437,89.67320251464844,0.3515209853649139,9.185269737690047e-37,0.9987769722938538,0.9987769722938538,1.3322399854660034,0.2904480099678039,0.0059018400497734,0.2802439928054809,1.3041599988937378,0.9198160171508788,2.0858100469922647e-05,6.557110054927762e-07,3.577100142138079e-05,7.494070075608762e-08,0.8974570035934448,3.0000100135803223,3.5504199331626296e-05,1.2861099776273477e-06,3.2604100704193115,2475.0,12.665499687194824,8.518189709150192e-09,9.611969744582891e-07,24.99930000305176,0.2500010132789612,2949,2523004220873902981,3682187,256.48954704,78.15287334,0.0256667993962764,0.0232599005103111,56005.2194452,20.152299880981445,0.0473619997501373,19.69099998474121,0.003216000040993,19.61470031738281,0.054016001522541,262160391,655488,196608,11,2171.389892578125,2454.14990234375,0.1026669964194297,0.0930394977331161,1.3027700185775757,1.2319999933242798,-66.48889923095703,0.5800930261611938,5.256780254148108e-13,0.9987710118293762,0.9987710118293762,1.2149399518966677,0.3047339916229248,0.0103551000356674,0.2697150111198425,1.3564200401306152,0.892848014831543,3.155490048811771e-05,1.494520006417588e-06,4.826339863939211e-05,1.552230060042348e-07,0.8974570035934448,3.0000100135803223,5.177560160518624e-05,2.7967100777459564e-06,3.3910601139068604,780.0,7.218490123748779,1.9402499162879397e-08,2.031270014413167e-06,25.010499954223636,0.2500010132789612,2949.0,2.5230504172737034e+18,3854282.0,256.48946198,78.15290699,0.0654613003134727,0.0623662993311882,56007.7066664,20.004499435424805,0.1228229999542236,19.916000366210938,0.0031059999018907,19.94059944152832,0.1426029950380325,195035141.0,655360.0,196608.0,10.0,2171.6298828125,2454.64990234375,0.2618440091609955,0.2494640052318573,1.3144400119781494,1.2868399620056152,-28.159299850463867,0.7489950060844421,0.0723335966467857,0.9987329840660096,0.9987329840660096,1.288100004196167,0.3108099997043609,0.0210136994719505,0.3117479979991913,0.9660750031471252,0.6908019781112671,3.615609966800548e-05,4.440799784788396e-06,3.922870018868707e-05,1.218389940049747e-07,0.9003080129623413,3.2500200271606445,3.8349298847606406e-05,5.468739800562616e-06,2.4151899814605717,1030.0,1.7970099449157717,3.6573700867847947e-07,6.014769951434573e-06,25.02720069885254,0.2500010132789612,0.0155261689206587,,,,,,,,,,,,,,,,,,1,-0.343291,12.0035,5.43347,7.64773,1.67265,,,,,,,0.3251991271972692,2.265399932861328,0.7620010375976527,3.027400970458981,-0.22500038146972656,0.01689208062127967,0.004495943583444328,0.003838187175008889,0.00447100566474837,,0.09460067749023438,-0.008100509643551135,0.07629966735840199,-0.024599075317382812,100.45037271462604,0,,4.696187452012544,55.90453643148705,NaN,ZTF18abaafbu,256.53166606143185,78.13999126583661
PSO J155012.157+791359.220,,,,203082375506870515,966325000027388,356293307034363,0,14635418584880,20308,1,2612,86,0.795027159894842,966325,82956,3,168091648,20,237.55070254,79.23312827,0.0010000000474974,0.0010000000474974,237.55065444,79.23311693,0.0368300005793571,0.0575099997222423,56294.81642361,1.2170000076293943,-0.1002354989012493,-0.1576456047310173,0.9823953929396296,112.15781782647804,74.58761323600595,113.76056747673064,34.48240994121996,,8,15,0,0,11,3,1,1217648000001728,0,1,1049.0,2.523040396578129e+18,3816952.0,237.55070231,79.23309813,0.565759003162384,0.504535973072052,56101.9007039,24.77109909057617,0.882381021976471,25.447799682617188,0.0495800003409385,,,186646529.0,655364.0,131072.0,10.0,856.6589965820312,6303.81982421875,2.2630300521850586,2.0181400775909424,1.6073399782180786,1.4773499965667725,-60.52379989624024,-0.0510818995535373,,0.9731130003929138,0.9731130003929138,1.2475700378417969,,,,,,4.482799909055757e-07,3.955539966682409e-07,2.4035898604779504e-07,1.1916900355402048e-08,0.4157519936561584,3.5000100135803223,,,,645.0,,9.812610279880118e-09,6.050120191503083e-07,24.98900032043457,0.2500010132789612,1049,2523065702793872409,3911225,237.55066542,79.23312064,0.0454608984291553,0.0392187982797622,56357.1980336,22.19300079345703,0.0804169997572898,22.161399841308597,0.00785499997437,22.265100479125977,0.1282020062208175,195035141,655360,0,25,856.7559814453125,6304.10009765625,0.1818439960479736,0.1568749994039535,1.2959799766540527,1.2121100425720217,-43.20050048828125,0.2591769993305206,-0.6662399768829346,0.9987199902534484,0.9987199902534484,1.2829099893569946,0.202901005744934,-0.0050559500232338,0.23369200527668,0.9528409838676452,0.5546090006828308,4.817220087716123e-06,3.873869900417049e-07,4.959420039085671e-06,3.895790001706701e-08,0.8952469825744629,3.0,4.50787001682329e-06,5.779190246357757e-07,2.3821001052856445,1260.0,-0.431315004825592,6.335999813700255e-08,6.618860197704635e-07,25.002099990844727,0.25,1049,2522989706568795161,3628117,237.55070277,79.23310097,0.0213705003261566,0.0201134998351335,56312.286426,21.201099395751957,0.0404889993369579,21.084199905395508,0.0047980002127587,21.15049934387207,0.056598000228405,195035141,655488,0,25,856.6740112304688,6303.7900390625,0.0854818001389503,0.0804541036486625,1.2389400005340576,1.205680012702942,-33.66910171508789,0.2973279953002929,0.0055895699188113,0.9995700120925904,0.9995700120925904,1.3007500171661377,0.2126590013504028,0.0143384002149105,0.2533319890499115,0.9608950018882751,0.8295630216598511,1.2010000318696257e-05,4.862790206061618e-07,1.3375300113693813e-05,6.417390352453367e-08,0.8996679782867432,3.0,1.2583200259541629e-05,7.121830094547477e-07,2.402240037918091,1260.0,2.770930051803589,4.1973798659000756e-08,8.360120204997656e-07,25.00230026245117,0.25,1049,2522989973125202969,3629110,237.55060862,79.23312503,0.0334235988557338,0.0321724005043506,56068.184167,20.769100189208984,0.071602001786232,20.727500915527344,0.0055929999798536,20.734899520874023,0.0928770005702972,195035141,655360,0,9,856.8980102539062,6304.169921875,0.1336939930915832,0.1286900043487548,1.1809699535369873,1.151520013809204,-11.053299903869627,0.3038530051708221,0.0175656992942094,0.9968529939651488,0.9968529939651488,1.285670042037964,0.235286995768547,0.0079143000766634,0.1683509945869445,0.839497983455658,0.5539829730987549,1.787899964256212e-05,1.280169954043231e-06,1.8577400624053556e-05,1.0390100158019777e-07,0.8849009871482849,2.5,1.845219958340749e-05,1.713779965939466e-06,2.098750114440918,690.0,2.374650001525879,-3.7704200650523496e-08,2.148849944205722e-06,24.997499465942383,0.25,1049.0,2.523050402241316e+18,3854226.0,237.55086565,79.23313823,0.0655667036771774,0.0613733008503913,55996.4044643,20.16510009765625,0.1332390010356903,20.113399505615234,0.0043600001372396,20.250999450683597,0.1866710036993026,195035141.0,655360.0,0.0,9.0,856.1640014648438,6304.2998046875,0.2622660100460052,0.2454929947853088,1.255239963531494,1.1756199598312378,-84.62809753417969,1.049100041389465,-0.9945390224456788,0.9982879757881165,0.9982879757881165,1.357159972190857,0.1929630041122436,-0.0472825989127159,0.3017899990081787,1.0190000534057615,0.7504000067710876,3.118690074188635e-05,4.155309852649225e-06,3.2707699574530125e-05,1.426130040727003e-07,0.8952469825744629,3.0000100135803223,2.881399996113032e-05,5.378739842853975e-06,2.5475099086761475,640.0,-0.0068439301103353,2.367790017387961e-07,5.759899977419991e-06,25.02580070495605,0.2500010132789612,0.0079381692518648,,,,,,,,,,,,,,,,,,1,,5.73078,2.97994,1.44062,1.08191,,,,,,,0.35669898986816406,3.28639984130859,1.0771999359130895,4.36359977722168,0.6141014099121094,0.05019838103370281,0.00920444624292984,0.007369019935939575,0.007091632391161551,,-0.10370063781737926,-0.0662994384765625,-0.0073986053466796875,-0.13759994506836293,113.87118796113496,0,,4.993746902381754,28.615356828954983,NaN,ZTF18abieavb,237.5092190642535,79.2349262638822
PSO J145517.843+794328.442,,,,203672238243230329,951929000010361,356104328456314,0,14636858180611,20367,1,2611,94,0.0836447431553572,951929,82912,3,637853696,76,223.82434946,79.72456738,0.0010000000474974,0.0010000000474974,223.82434863,79.724564,0.0053099999204277,0.0058499998413026,56057.19601852,1.555500030517578,-0.1286953875962499,-0.1235194677675057,0.9839616040750184,114.83543537586009,72.15711990260314,116.43539191602562,35.78896576920301,,6,62,10,12,15,10,15,1217100000001713,1,1,3749.0,2.523040382887923e+18,3816901.0,223.8233651,79.7243999,0.000233794999076,0.0002106839965563,56080.3290698,13.774900436401367,0.0003560000041034,13.340100288391112,0.0001710000069579,,,102776839.0,128.0,196608.0,7.0,3729.0,1429.5400390625,0.0009351780172437,0.000842734996695,1.5714800357818604,1.4450299739837646,-65.90470123291016,0.0416808985173702,5.423560258924805e-20,0.998420000076294,0.7601169943809509,2457.610107421875,0.3038020133972168,-0.0431113988161087,0.3236759901046753,,0.868366003036499,0.0112215997651219,3.994360213255277e-06,0.0167475994676351,2.8706699595204554e-06,0.9110810160636902,3.5000100135803223,,,,774.0,9.155240058898926,1.7615100489365432e-08,6.102039833422168e-07,24.99180030822754,0.25,3749,2523065691788021413,3911184,223.82336189,79.72440453,0.0090028401464223,0.0085420804098248,56295.1714225,,0.0164059996604919,14.509699821472168,0.0002739999908953,,,35651585,20,196608,6,3729.0,1429.5400390625,0.0360113009810447,0.0341682992875576,1.2869000434875488,1.2015899419784546,77.57530212402344,0.2779299914836883,,0.9989359974861144,0.107304997742176,30.455299377441406,,,,,,-0.0003370830090716,5.530319867830258e-06,0.0057032997719943,1.5623800209141336e-06,0.8996679782867432,3.0,,,,880.0,,-2.075529970113621e-09,1.129070028582646e-06,25.03009986877441,0.25,3749,2523060233153023653,3890849,223.82335979,79.72440395,0.120116002857685,0.1075040027499198,56421.1049853,20.48909950256348,0.2482389956712722,,9.000000318337698e-06,,,35651585,20,196608,5,3729.0,1429.5400390625,0.4804610013961792,0.4300119876861572,1.1365300416946411,1.0316599607467651,-75.00060272216797,0.4285899996757507,,0.9978089928627014,0.0346956998109817,145.99600219726562,,,,,,2.313910044904333e-05,5.744040208810475e-06,-3.1393399238586426,2.815630068653263e-05,0.8865320086479187,2.7500100135803223,,,,1395.0,,5.7773998918264624e-08,1.326069991591794e-06,25.03280067443848,0.2500010132789612,3749,2523032023002517157,3785758,223.82336281,79.72440473,0.0452343001961708,0.0431423000991344,56192.4421959,,0.088189996778965,12.641599655151367,0.0001389999961247,,,35651585,20,196608,6,3729.0,1429.5400390625,0.1809370070695877,0.1725690066814422,1.3286399841308594,1.2293699979782104,80.5885009765625,0.2829920053482055,,0.998898983001709,0.6902710199356079,64.9845962524414,,,,,,-8.888149750418961e-05,7.838470082788263e-06,0.0318672992289066,4.438250016391976e-06,0.8996679782867432,3.0,,,,630.0,,5.02868005014534e-08,2.056940047623357e-06,25.009899139404297,0.25,3749.0,2.5230503552651136e+18,3854051.0,223.82336443,79.72440556,0.1128529980778694,0.1082670018076896,56202.9052385,19.997800827026367,0.2464520037174224,12.57509994506836,0.0001140000022132,,,35651585.0,4.0,65536.0,11.0,3729.0,1429.5400390625,0.4514099955558777,0.4330689907073974,1.1071900129318235,1.0642800331115725,-50.28799819946289,0.7313349843025208,,0.997411012649536,0.997411012649536,55.22439956665039,,,,,,3.638099951785989e-05,8.966189852799289e-06,0.033882699906826,3.877739800373092e-06,0.8865320086479187,2.75,,,,900.0,,7.03158988812902e-08,4.484450073505286e-06,25.033700942993164,0.25,0.0001063961447262,,,,,,,,,,,,,,,,,,1,1.51011,2.02161,1.98216,2.04429,1.8957,,,,,,,,-1.1695995330810565,,,0.06649971008300781,0.00032298141957429427,0.00027414776128276987,0.0001392910583217627,0.0001797692950068955,,,,,,,0,,0.2466809310878684,0.3646809170767682,NaN,ZTF18aauyojz,223.8238494495945,79.72451570018552
