ztf_object_id,obs_num,mjd_cutoff,feature_amplitude_magn_g,feature_anderson_darling_normal_magn_g,feature_beyond_1_std_magn_g,feature_beyond_2_std_magn_g,feature_cusum_magn_g,feature_eta_e_magn_g,feature_inter_percentile_range_2_magn_g,feature_inter_percentile_range_10_magn_g,feature_inter_percentile_range_25_magn_g,feature_kurtosis_magn_g,feature_linear_fit_slope_magn_g,feature_linear_fit_slope_sigma_magn_g,feature_linear_fit_reduced_chi2_magn_g,feature_linear_trend_magn_g,feature_linear_trend_sigma_magn_g,feature_linear_trend_noise_magn_g,feature_magnitude_percentage_ratio_40_5_magn_g,feature_magnitude_percentage_ratio_20_5_magn_g,feature_maximum_slope_magn_g,feature_mean_magn_g,feature_median_absolute_deviation_magn_g,feature_percent_amplitude_magn_g,feature_percent_difference_magnitude_percentile_5_magn_g,feature_percent_difference_magnitude_percentile_10_magn_g,feature_median_buffer_range_percentage_10_magn_g,feature_median_buffer_range_percentage_20_magn_g,feature_period_0_magn_g,feature_period_s_to_n_0_magn_g,feature_period_1_magn_g,feature_period_s_to_n_1_magn_g,feature_period_2_magn_g,feature_period_s_to_n_2_magn_g,feature_period_3_magn_g,feature_period_s_to_n_3_magn_g,feature_period_4_magn_g,feature_period_s_to_n_4_magn_g,feature_periodogram_amplitude_magn_g,feature_periodogram_beyond_2_std_magn_g,feature_periodogram_beyond_3_std_magn_g,feature_periodogram_standard_deviation_magn_g,feature_chi2_magn_g,feature_skew_magn_g,feature_standard_deviation_magn_g,feature_stetson_k_magn_g,feature_weighted_mean_magn_g,feature_anderson_darling_normal_flux_g,feature_cusum_flux_g,feature_eta_e_flux_g,feature_excess_variance_flux_g,feature_kurtosis_flux_g,feature_mean_variance_flux_g,feature_chi2_flux_g,feature_skew_flux_g,feature_stetson_k_flux_g,feature_amplitude_magn_r,feature_anderson_darling_normal_magn_r,feature_beyond_1_std_magn_r,feature_beyond_2_std_magn_r,feature_cusum_magn_r,feature_eta_e_magn_r,feature_inter_percentile_range_2_magn_r,feature_inter_percentile_range_10_magn_r,feature_inter_percentile_range_25_magn_r,feature_kurtosis_magn_r,feature_linear_fit_slope_magn_r,feature_linear_fit_slope_sigma_magn_r,feature_linear_fit_reduced_chi2_magn_r,feature_linear_trend_magn_r,feature_linear_trend_sigma_magn_r,feature_linear_trend_noise_magn_r,feature_magnitude_percentage_ratio_40_5_magn_r,feature_magnitude_percentage_ratio_20_5_magn_r,feature_maximum_slope_magn_r,feature_mean_magn_r,feature_median_absolute_deviation_magn_r,feature_percent_amplitude_magn_r,feature_percent_difference_magnitude_percentile_5_magn_r,feature_percent_difference_magnitude_percentile_10_magn_r,feature_median_buffer_range_percentage_10_magn_r,feature_median_buffer_range_percentage_20_magn_r,feature_period_0_magn_r,feature_period_s_to_n_0_magn_r,feature_period_1_magn_r,feature_period_s_to_n_1_magn_r,feature_period_2_magn_r,feature_period_s_to_n_2_magn_r,feature_period_3_magn_r,feature_period_s_to_n_3_magn_r,feature_period_4_magn_r,feature_period_s_to_n_4_magn_r,feature_periodogram_amplitude_magn_r,feature_periodogram_beyond_2_std_magn_r,feature_periodogram_beyond_3_std_magn_r,feature_periodogram_standard_deviation_magn_r,feature_chi2_magn_r,feature_skew_magn_r,feature_standard_deviation_magn_r,feature_stetson_k_magn_r,feature_weighted_mean_magn_r,feature_anderson_darling_normal_flux_r,feature_cusum_flux_r,feature_eta_e_flux_r,feature_excess_variance_flux_r,feature_kurtosis_flux_r,feature_mean_variance_flux_r,feature_chi2_flux_r,feature_skew_flux_r,feature_stetson_k_flux_r,gmomentXX,gmomentXY,gmomentYY,gmomentR1,gmomentRH,gPSFFlux,gApFlux,gKronFlux,gKronRad,gExtNSigma,rmomentXX,rmomentXY,rmomentYY,rmomentR1,rmomentRH,rPSFFlux,rApFlux,rKronFlux,rKronRad,rExtNSigma,imomentXX,imomentXY,imomentYY,imomentR1,imomentRH,iPSFFlux,iApFlux,iKronFlux,iKronRad,iExtNSigma,zmomentXX,zmomentXY,zmomentYY,zmomentR1,zmomentRH,zPSFFlux,zApFlux,zKronFlux,zKronRad,zExtNSigma,ymomentXX,ymomentXY,ymomentYY,ymomentR1,ymomentRH,yPSFFlux,yApFlux,yKronFlux,yKronRad,yExtNSigma,i-z,gApMag_gKronMag,rApMag_rKronMag,iApMag_iKronMag,zApMag_zKronMag,yApMag_yKronMag,7DCD,dist/DLR,ILRT,SLSN-I,SLSN-II,SN,SN II,SN II-pec,SN IIP,SN IIb,SN IIn,SN Ia,SN Ia-91T-like,SN Ia-91bg-like,SN Ia-CSM,SN Ia-Ca-rich,SN Ia-pec,SN Iax[02cx-like],SN Ib,SN Ib-Ca-rich,SN Ib/c,SN Ibn,SN Ic,SN Ic-BL,SN Icn,TDE
ZTF18abfwuwn,5,58322.20070599997,1.1478004455566406,0.1799453437508055,0.25,0.0,0.3603287302589107,0.5620761241001084,2.2956008911132812,2.2956008911132812,1.41400146484375,2.332845612199989,-0.11363041392156745,0.014309285709914946,5.916987094344292,-0.16439902448209395,0.03507782327220462,0.37213436936874544,0.18553820508981422,0.7695768535406289,0.2679879042302455,19.51994037628174,0.33884143829345525,1.8841190338134801,0.11986357202320196,0.11986357202320196,0.0,0.0,37.325277600418,2.153220547211183,23.32829850026125,2.0006146063776034,8.88697085724238,1.537774580069985,4.147253066713112,0.36311623594907716,3.2741471579314037,0.27097592569962714,0.6446910740893477,0.046875,0.0,0.34222878592026673,24.96462420665345,1.5777222973635114,1.0517893886755691,0.924264347082886,19.168225360190917,0.10372371861653526,0.3868064529918037,0.5215964945221868,0.3733737854981821,-0.9511311801866231,0.6221867896506097,48.650914521659104,-0.7811982544854631,0.9800574604512551,,,,,,,,,,,,,,,,,,,,,,,,,,,,,,,,,,,,,,,,,,,,,,,,,,,,,,,0.2815380096435547,0.0159379001706838,0.2730030119419098,1.5630199909210205,1.0586299896240234,1.796449942048639e-05,4.232129867887125e-05,4.537990025710314e-05,3.907560110092163,26.890899658203125,0.2132019996643066,0.015192300081253,0.2040510028600692,1.4882700443267822,0.99795001745224,2.0107800082769245e-05,4.906200047116727e-05,5.534099909709767e-05,3.720679998397826,28.747100830078125,0.2332260012626648,0.0139346001669764,0.226174995303154,1.5109800100326538,1.0195399522781372,2.8156600819784217e-05,6.31121001788415e-05,6.756999937351793e-05,3.7774500846862793,19.26700019836425,0.228974997997284,0.011884800158441,0.2222650051116944,1.4308199882507324,0.9974870085716248,3.054580156458542e-05,6.879850116092713e-05,7.416400330839679e-05,3.5770599842071533,21.41679954528809,0.2493010014295578,-0.0230224002152681,0.2238949984312056,1.2088500261306765,0.8340510129928589,3.5717399441637106e-05,6.916959682712331e-05,6.581040361197665e-05,3.0221400260925293,8.657320022583008,0.0935993194580078,0.075799942016598,0.1306991577148402,0.074100494384762,0.0816001892089843,-0.0541000366210937,18.920439544865022,3.142648796561593,0.0,0.0,0.0,0.0,0.0,0.0,0.0,0.0,0.0,1.0,0.0,0.0,0.0,0.0,0.0,0.0,0.0,0.0,0.0,0.0,0.0,0.0,0.0,0.0
ZTF18abfwuwn,6,58322.25473379996,1.1478004455566406,0.1799453437508055,0.25,0.0,0.3603287302589107,0.5620761241001084,2.2956008911132812,2.2956008911132812,1.41400146484375,2.332845612199989,-0.11363041392156745,0.014309285709914946,5.916987094344292,-0.16439902448209395,0.03507782327220462,0.37213436936874544,0.18553820508981422,0.7695768535406289,0.2679879042302455,19.51994037628174,0.33884143829345525,1.8841190338134801,0.11986357202320196,0.11986357202320196,0.0,0.0,37.325277600418,2.153220547211183,23.32829850026125,2.0006146063776034,8.88697085724238,1.537774580069985,4.147253066713112,0.36311623594907716,3.2741471579314037,0.27097592569962714,0.6446910740893477,0.046875,0.0,0.34222878592026673,24.96462420665345,1.5777222973635114,1.0517893886755691,0.924264347082886,19.168225360190917,0.10372371861653526,0.3868064529918037,0.5215964945221868,0.3733737854981821,-0.9511311801866231,0.6221867896506097,48.650914521659104,-0.7811982544854631,0.9800574604512551,,,,,,,,,,,,,,,,,,,,,,,,,,,,,,,,,,,,,,,,,,,,,,,,,,,,,,,0.2815380096435547,0.0159379001706838,0.2730030119419098,1.5630199909210205,1.0586299896240234,1.796449942048639e-05,4.232129867887125e-05,4.537990025710314e-05,3.907560110092163,26.890899658203125,0.2132019996643066,0.015192300081253,0.2040510028600692,1.4882700443267822,0.99795001745224,2.0107800082769245e-05,4.906200047116727e-05,5.534099909709767e-05,3.720679998397826,28.747100830078125,0.2332260012626648,0.0139346001669764,0.226174995303154,1.5109800100326538,1.0195399522781372,2.8156600819784217e-05,6.31121001788415e-05,6.756999937351793e-05,3.7774500846862793,19.26700019836425,0.228974997997284,0.011884800158441,0.2222650051116944,1.4308199882507324,0.9974870085716248,3.054580156458542e-05,6.879850116092713e-05,7.416400330839679e-05,3.5770599842071533,21.41679954528809,0.2493010014295578,-0.0230224002152681,0.2238949984312056,1.2088500261306765,0.8340510129928589,3.5717399441637106e-05,6.916959682712331e-05,6.581040361197665e-05,3.0221400260925293,8.657320022583008,0.0935993194580078,0.075799942016598,0.1306991577148402,0.074100494384762,0.0816001892089843,-0.0541000366210937,18.920439544865022,3.142648796561593,0.0,0.0,0.0,0.0,0.0,0.0,0.0,0.0,0.0,1.0,0.0,0.0,0.0,0.0,0.0,0.0,0.0,0.0,0.0,0.0,0.0,0.0,0.0,0.0
ZTF18abfwuwn,7,58325.20340280002,1.1478004455566406,0.517129737568965,0.2,0.0,0.3523552434927958,0.4163690802134877,2.2956008911132812,2.2956008911132812,1.037839412689209,3.3684116029898004,-0.080407608039442,0.010097502538315673,7.523765410105102,-0.13174224310706162,0.03310353331431458,0.4452222333741151,0.13473282506173373,0.6347328250617337,0.2679879042302455,19.375831604003906,0.14528083801269176,2.1503200531005895,0.12155310472178764,0.12155310472178764,0.4,0.6,42.49918975052424,2.6079895219938147,26.56199359407765,2.5565543822796326,4.941766250060958,0.18101646003317362,6.4392711743218545,0.13014354444400364,10.118854702505772,0.1064870355125928,0.7553829547860836,0.078125,0.0,0.3644886237339291,21.495637634183694,1.8519000499807678,0.9661947939390987,0.8991912209259622,19.072188301291643,0.32189220466269525,0.39852280836143544,0.38027743300535477,0.2690984775353158,0.3464778204510761,0.5301473531173487,48.263876928695595,-1.1987020482031323,0.9557070206016802,,,,,,,,,,,,,,,,,,,,,,,,,,,,,,,,,,,,,,,,,,,,,,,,,,,,,,,0.2815380096435547,0.0159379001706838,0.2730030119419098,1.5630199909210205,1.0586299896240234,1.796449942048639e-05,4.232129867887125e-05,4.537990025710314e-05,3.907560110092163,26.890899658203125,0.2132019996643066,0.015192300081253,0.2040510028600692,1.4882700443267822,0.99795001745224,2.0107800082769245e-05,4.906200047116727e-05,5.534099909709767e-05,3.720679998397826,28.747100830078125,0.2332260012626648,0.0139346001669764,0.226174995303154,1.5109800100326538,1.0195399522781372,2.8156600819784217e-05,6.31121001788415e-05,6.756999937351793e-05,3.7774500846862793,19.26700019836425,0.228974997997284,0.011884800158441,0.2222650051116944,1.4308199882507324,0.9974870085716248,3.054580156458542e-05,6.879850116092713e-05,7.416400330839679e-05,3.5770599842071533,21.41679954528809,0.2493010014295578,-0.0230224002152681,0.2238949984312056,1.2088500261306765,0.8340510129928589,3.5717399441637106e-05,6.916959682712331e-05,6.581040361197665e-05,3.0221400260925293,8.657320022583008,0.0935993194580078,0.075799942016598,0.1306991577148402,0.074100494384762,0.0816001892089843,-0.0541000366210937,18.920439544865022,3.142648796561593,0.0,0.0,0.0,0.0,0.0,0.0,0.0,0.0,0.0,1.0,0.0,0.0,0.0,0.0,0.0,0.0,0.0,0.0,0.0,0.0,0.0,0.0,0.0,0.0
ZTF18abfwuwn,8,58325.22325230017,1.1478004455566406,0.517129737568965,0.2,0.0,0.3523552434927958,0.4163690802134877,2.2956008911132812,2.2956008911132812,1.037839412689209,3.3684116029898004,-0.080407608039442,0.010097502538315673,7.523765410105102,-0.13174224310706162,0.03310353331431458,0.4452222333741151,0.13473282506173373,0.6347328250617337,0.2679879042302455,19.375831604003906,0.14528083801269176,2.1503200531005895,0.12155310472178764,0.12155310472178764,0.4,0.6,42.49918975052424,2.6079895219938147,26.56199359407765,2.5565543822796326,4.941766250060958,0.18101646003317362,6.4392711743218545,0.13014354444400364,10.118854702505772,0.1064870355125928,0.7553829547860836,0.078125,0.0,0.3644886237339291,21.495637634183694,1.8519000499807678,0.9661947939390987,0.8991912209259622,19.072188301291643,0.32189220466269525,0.39852280836143544,0.38027743300535477,0.2690984775353158,0.3464778204510761,0.5301473531173487,48.263876928695595,-1.1987020482031323,0.9557070206016802,0.3808574676513672,0.14239905017473428,0.25,0.0,0.355029454240912,0.5604315227125691,0.7617149353027344,0.7617149353027344,0.4411048889160156,2.1743332882094464,-0.0722955491704317,0.013063261568974366,0.7119525278941431,-0.06891913701542382,0.010826234337579184,0.08805491017336194,0.12655112585339084,0.747456697081591,0.09932633014770906,19.116601943969727,0.1306056976318377,0.5607509613037109,0.04003409571520956,0.04003409571520956,0.0,0.5,24.46098244438569,2.2099293923640793,6.988852126967339,0.7841595905366657,3.057622805548211,0.5782790597637455,4.734383698913359,0.5494893167831535,3.2614643259180918,0.526699831655132,0.6536376323900591,0.046875,0.0,0.34313699749444543,10.683997450582737,1.3964215841695242,0.33152475720934793,0.859795412232838,19.146493214284032,0.10697275949293575,0.3470198800380281,0.5777670693596856,0.062475149550313844,1.365588245010736,0.2719296373044755,11.745142848665376,-1.045416971592288,0.9587665126855923,0.2815380096435547,0.0159379001706838,0.2730030119419098,1.5630199909210205,1.0586299896240234,1.796449942048639e-05,4.232129867887125e-05,4.537990025710314e-05,3.907560110092163,26.890899658203125,0.2132019996643066,0.015192300081253,0.2040510028600692,1.4882700443267822,0.99795001745224,2.0107800082769245e-05,4.906200047116727e-05,5.534099909709767e-05,3.720679998397826,28.747100830078125,0.2332260012626648,0.0139346001669764,0.226174995303154,1.5109800100326538,1.0195399522781372,2.8156600819784217e-05,6.31121001788415e-05,6.756999937351793e-05,3.7774500846862793,19.26700019836425,0.228974997997284,0.011884800158441,0.2222650051116944,1.4308199882507324,0.9974870085716248,3.054580156458542e-05,6.879850116092713e-05,7.416400330839679e-05,3.5770599842071533,21.41679954528809,0.2493010014295578,-0.0230224002152681,0.2238949984312056,1.2088500261306765,0.8340510129928589,3.5717399441637106e-05,6.916959682712331e-05,6.581040361197665e-05,3.0221400260925293,8.657320022583008,0.0935993194580078,0.075799942016598,0.1306991577148402,0.074100494384762,0.0816001892089843,-0.0541000366210937,18.920439544865022,3.142648796561593,0.0,0.0,0.0,0.0,0.0,0.0,0.0,0.0,0.0,1.0,0.0,0.0,0.0,0.0,0.0,0.0,0.0,0.0,0.0,0.0,0.0,0.0,0.0,0.0
ZTF18abfwuwn,9,58328.1822453998,1.1478004455566406,0.9007790967333189,0.16666666666666666,0.0,0.35238013583060895,0.34318065837560857,2.2956008911132812,2.1278987420610065,0.6185855865478551,4.336544747455653,-0.06006813631628226,0.007770853333148526,8.13055750029024,-0.10629408211938156,0.029599364908145676,0.4868615192862252,0.05822790099537196,0.48862608828701715,0.2679879042302455,19.28082497914632,0.07583808898925781,2.1902141571044957,0.12181041836971501,0.11291171606626228,0.6666666666666666,0.6666666666666666,29.96777774998918,2.5607027013095576,47.94844439998269,2.4591664485241584,7.733620064513338,0.4030007255983204,4.610427346152182,0.32975540694675026,5.993555549997836,0.05581391322201501,0.8118918726182779,0.078125,0.0,0.4296868761059089,18.454803197391506,2.080013549589204,0.8949767910225341,0.8568949159622317,19.01639092719395,0.6138405410640133,0.394834566791061,0.3077595568965244,0.20813847307031905,1.3988270909019809,0.46807083113708287,46.76864446337173,-1.4852039107183963,0.9307086566254422,0.3808574676513672,0.14239905017473428,0.25,0.0,0.355029454240912,0.5604315227125691,0.7617149353027344,0.7617149353027344,0.4411048889160156,2.1743332882094464,-0.0722955491704317,0.013063261568974366,0.7119525278941431,-0.06891913701542382,0.010826234337579184,0.08805491017336194,0.12655112585339084,0.747456697081591,0.09932633014770906,19.116601943969727,0.1306056976318377,0.5607509613037109,0.04003409571520956,0.04003409571520956,0.0,0.5,24.46098244438569,2.2099293923640793,6.988852126967339,0.7841595905366657,3.057622805548211,0.5782790597637455,4.734383698913359,0.5494893167831535,3.2614643259180918,0.526699831655132,0.6536376323900591,0.046875,0.0,0.34313699749444543,10.683997450582737,1.3964215841695242,0.33152475720934793,0.859795412232838,19.146493214284032,0.10697275949293575,0.3470198800380281,0.5777670693596856,0.062475149550313844,1.365588245010736,0.2719296373044755,11.745142848665376,-1.045416971592288,0.9587665126855923,0.2815380096435547,0.0159379001706838,0.2730030119419098,1.5630199909210205,1.0586299896240234,1.796449942048639e-05,4.232129867887125e-05,4.537990025710314e-05,3.907560110092163,26.890899658203125,0.2132019996643066,0.015192300081253,0.2040510028600692,1.4882700443267822,0.99795001745224,2.0107800082769245e-05,4.906200047116727e-05,5.534099909709767e-05,3.720679998397826,28.747100830078125,0.2332260012626648,0.0139346001669764,0.226174995303154,1.5109800100326538,1.0195399522781372,2.8156600819784217e-05,6.31121001788415e-05,6.756999937351793e-05,3.7774500846862793,19.26700019836425,0.228974997997284,0.011884800158441,0.2222650051116944,1.4308199882507324,0.9974870085716248,3.054580156458542e-05,6.879850116092713e-05,7.416400330839679e-05,3.5770599842071533,21.41679954528809,0.2493010014295578,-0.0230224002152681,0.2238949984312056,1.2088500261306765,0.8340510129928589,3.5717399441637106e-05,6.916959682712331e-05,6.581040361197665e-05,3.0221400260925293,8.657320022583008,0.0935993194580078,0.075799942016598,0.1306991577148402,0.074100494384762,0.0816001892089843,-0.0541000366210937,18.920439544865022,3.142648796561593,0.0,0.0,0.0,0.0,0.0,0.0,0.0,0.0,0.0,1.0,0.0,0.0,0.0,0.0,0.0,0.0,0.0,0.0,0.0,0.0,0.0,0.0,0.0,0.0
ZTF18abfwuwn,10,58331.19623839995,1.1478004455566406,0.9007790967333189,0.16666666666666666,0.0,0.35238013583060895,0.34318065837560857,2.2956008911132812,2.1278987420610065,0.6185855865478551,4.336544747455653,-0.06006813631628226,0.007770853333148526,8.13055750029024,-0.10629408211938156,0.029599364908145676,0.4868615192862252,0.05822790099537196,0.48862608828701715,0.2679879042302455,19.28082497914632,0.07583808898925781,2.1902141571044957,0.12181041836971501,0.11291171606626228,0.6666666666666666,0.6666666666666666,29.96777774998918,2.5607027013095576,47.94844439998269,2.4591664485241584,7.733620064513338,0.4030007255983204,4.610427346152182,0.32975540694675026,5.993555549997836,0.05581391322201501,0.8118918726182779,0.078125,0.0,0.4296868761059089,18.454803197391506,2.080013549589204,0.8949767910225341,0.8568949159622317,19.01639092719395,0.6138405410640133,0.394834566791061,0.3077595568965244,0.20813847307031905,1.3988270909019809,0.46807083113708287,46.76864446337173,-1.4852039107183963,0.9307086566254422,0.3808574676513672,0.4025004838862682,0.2,0.0,0.3431520369306456,0.7198070802681247,0.7617149353027344,0.7617149353027344,0.29744529724121094,3.211090278108804,-0.03432748117597511,0.007227345793636053,4.532631629454744,-0.03741867484451229,0.01611194728498885,0.20522014938018363,0.09366282884028866,0.5936628288402886,0.09932633014770906,19.082124328613283,0.12049484252930043,0.6209983825683629,0.040161265343639195,0.040161265343639195,0.4,0.4,26.5319190621085,2.476691362773517,6.846946854737678,1.025378416060509,4.716785611041511,0.5560901745315827,13.26595953105425,-0.06496940280405974,3.5375892082811333,-0.38675965943804597,0.7648165289259068,0.0625,0.0,0.39423984513916194,9.039306350854623,1.7123461623788074,0.2972793774976205,0.786846729679057,19.09807440950704,0.3014681047750884,0.35490579436727426,0.7624630432187902,0.045755602621604184,2.3416896560311358,0.23670773874523002,10.939428017124902,-1.4008740338144712,0.9165528101088435,0.2815380096435547,0.0159379001706838,0.2730030119419098,1.5630199909210205,1.0586299896240234,1.796449942048639e-05,4.232129867887125e-05,4.537990025710314e-05,3.907560110092163,26.890899658203125,0.2132019996643066,0.015192300081253,0.2040510028600692,1.4882700443267822,0.99795001745224,2.0107800082769245e-05,4.906200047116727e-05,5.534099909709767e-05,3.720679998397826,28.747100830078125,0.2332260012626648,0.0139346001669764,0.226174995303154,1.5109800100326538,1.0195399522781372,2.8156600819784217e-05,6.31121001788415e-05,6.756999937351793e-05,3.7774500846862793,19.26700019836425,0.228974997997284,0.011884800158441,0.2222650051116944,1.4308199882507324,0.9974870085716248,3.054580156458542e-05,6.879850116092713e-05,7.416400330839679e-05,3.5770599842071533,21.41679954528809,0.2493010014295578,-0.0230224002152681,0.2238949984312056,1.2088500261306765,0.8340510129928589,3.5717399441637106e-05,6.916959682712331e-05,6.581040361197665e-05,3.0221400260925293,8.657320022583008,0.0935993194580078,0.075799942016598,0.1306991577148402,0.074100494384762,0.0816001892089843,-0.0541000366210937,18.920439544865022,3.142648796561593,0.0,0.0,0.0,0.0,0.0,0.0,0.0,0.0,0.0,1.0,0.0,0.0,0.0,0.0,0.0,0.0,0.0,0.0,0.0,0.0,0.0,0.0,0.0,0.0
ZTF18abfwuwn,11,58331.23822919978,1.1478004455566406,1.1447106657046469,0.14285714285714285,0.14285714285714285,0.3413657233286234,0.3304528217977999,2.2956008911132812,1.960197368014633,0.5179495811462438,5.262223134063563,-0.038113589578860005,0.006206000148530776,10.911982685512069,-0.0808363187282643,0.02806692888665226,0.5527714986508373,0.06587780081085445,0.3425190185108273,0.2679879042302455,19.243826184953964,0.13625335693359375,2.1503200531005895,0.12155310472178764,0.10379333658217217,0.42857142857142855,0.7142857142857143,33.59198252078689,3.346645401956006,3.019504046812305,2.1357685794631243,3.16159835489759,1.5990027741612522,2.6346652957479915,0.8569939408997835,5.9719080036954475,0.4623525793657409,1.0192749544223245,0.0625,0.0234375,0.40984256240057304,15.379471109234373,2.263375616874449,0.8228417764831711,0.7960966824546162,19.01735548924095,0.6477740201675883,0.3749365208228961,0.36008861927670843,0.17003948556151935,2.1134739873178434,0.4247834284015517,42.80228539883296,-1.5807938364954628,0.9002799449524324,0.3808574676513672,0.4025004838862682,0.2,0.0,0.3431520369306456,0.7198070802681247,0.7617149353027344,0.7617149353027344,0.29744529724121094,3.211090278108804,-0.03432748117597511,0.007227345793636053,4.532631629454744,-0.03741867484451229,0.01611194728498885,0.20522014938018363,0.09366282884028866,0.5936628288402886,0.09932633014770906,19.082124328613283,0.12049484252930043,0.6209983825683629,0.040161265343639195,0.040161265343639195,0.4,0.4,26.5319190621085,2.476691362773517,6.846946854737678,1.025378416060509,4.716785611041511,0.5560901745315827,13.26595953105425,-0.06496940280405974,3.5375892082811333,-0.38675965943804597,0.7648165289259068,0.0625,0.0,0.39423984513916194,9.039306350854623,1.7123461623788074,0.2972793774976205,0.786846729679057,19.09807440950704,0.3014681047750884,0.35490579436727426,0.7624630432187902,0.045755602621604184,2.3416896560311358,0.23670773874523002,10.939428017124902,-1.4008740338144712,0.9165528101088435,0.2815380096435547,0.0159379001706838,0.2730030119419098,1.5630199909210205,1.0586299896240234,1.796449942048639e-05,4.232129867887125e-05,4.537990025710314e-05,3.907560110092163,26.890899658203125,0.2132019996643066,0.015192300081253,0.2040510028600692,1.4882700443267822,0.99795001745224,2.0107800082769245e-05,4.906200047116727e-05,5.534099909709767e-05,3.720679998397826,28.747100830078125,0.2332260012626648,0.0139346001669764,0.226174995303154,1.5109800100326538,1.0195399522781372,2.8156600819784217e-05,6.31121001788415e-05,6.756999937351793e-05,3.7774500846862793,19.26700019836425,0.228974997997284,0.011884800158441,0.2222650051116944,1.4308199882507324,0.9974870085716248,3.054580156458542e-05,6.879850116092713e-05,7.416400330839679e-05,3.5770599842071533,21.41679954528809,0.2493010014295578,-0.0230224002152681,0.2238949984312056,1.2088500261306765,0.8340510129928589,3.5717399441637106e-05,6.916959682712331e-05,6.581040361197665e-05,3.0221400260925293,8.657320022583008,0.0935993194580078,0.075799942016598,0.1306991577148402,0.074100494384762,0.0816001892089843,-0.0541000366210937,18.920439544865022,3.142648796561593,0.0,0.0,0.0,0.0,0.0,0.0,0.0,0.0,0.0,1.0,0.0,0.0,0.0,0.0,0.0,0.0,0.0,0.0,0.0,0.0,0.0,0.0,0.0,0.0
ZTF18abfwuwn,12,58334.164583299775,1.1478004455566406,1.1447106657046469,0.14285714285714285,0.14285714285714285,0.3413657233286234,0.3304528217977999,2.2956008911132812,1.960197368014633,0.5179495811462438,5.262223134063563,-0.038113589578860005,0.006206000148530776,10.911982685512069,-0.0808363187282643,0.02806692888665226,0.5527714986508373,0.06587780081085445,0.3425190185108273,0.2679879042302455,19.243826184953964,0.13625335693359375,2.1503200531005895,0.12155310472178764,0.10379333658217217,0.42857142857142855,0.7142857142857143,33.59198252078689,3.346645401956006,3.019504046812305,2.1357685794631243,3.16159835489759,1.5990027741612522,2.6346652957479915,0.8569939408997835,5.9719080036954475,0.4623525793657409,1.0192749544223245,0.0625,0.0234375,0.40984256240057304,15.379471109234373,2.263375616874449,0.8228417764831711,0.7960966824546162,19.01735548924095,0.6477740201675883,0.3749365208228961,0.36008861927670843,0.17003948556151935,2.1134739873178434,0.4247834284015517,42.80228539883296,-1.5807938364954628,0.9002799449524324,0.3808574676513672,0.4227422836690613,0.16666666666666666,0.0,0.34180234142946775,0.8360258121629695,0.7617149353027344,0.7057306485266963,0.20187377929687145,2.774917781612551,-0.020075735460244652,0.005732390543271914,6.02038174221624,-0.019656907836377278,0.01501718213188132,0.24993814830778427,0.16887254876372462,0.48551785908579076,0.09932633014770906,19.092784881591797,0.10093688964843572,0.5607509613037109,0.04003409571520956,0.037091682232862806,0.0,0.3333333333333333,23.93852771949023,2.3768489493061242,29.923159649362788,2.3740931804306147,7.254099308936433,1.1445791023019887,4.693828964605927,1.0389204655324185,0.0,0.0,0.9150526873374691,0.0625,0.0,0.4792406253049319,7.269327050791465,1.5228320891436997,0.2671739264358417,0.7584070967613634,19.105233289491014,0.28481282329828295,0.3586268647284348,0.9332137712265481,0.03717547842485836,1.6367337025755422,0.2173688979730234,8.809523783026053,-1.085736736225586,0.854592548551704,0.2815380096435547,0.0159379001706838,0.2730030119419098,1.5630199909210205,1.0586299896240234,1.796449942048639e-05,4.232129867887125e-05,4.537990025710314e-05,3.907560110092163,26.890899658203125,0.2132019996643066,0.015192300081253,0.2040510028600692,1.4882700443267822,0.99795001745224,2.0107800082769245e-05,4.906200047116727e-05,5.534099909709767e-05,3.720679998397826,28.747100830078125,0.2332260012626648,0.0139346001669764,0.226174995303154,1.5109800100326538,1.0195399522781372,2.8156600819784217e-05,6.31121001788415e-05,6.756999937351793e-05,3.7774500846862793,19.26700019836425,0.228974997997284,0.011884800158441,0.2222650051116944,1.4308199882507324,0.9974870085716248,3.054580156458542e-05,6.879850116092713e-05,7.416400330839679e-05,3.5770599842071533,21.41679954528809,0.2493010014295578,-0.0230224002152681,0.2238949984312056,1.2088500261306765,0.8340510129928589,3.5717399441637106e-05,6.916959682712331e-05,6.581040361197665e-05,3.0221400260925293,8.657320022583008,0.0935993194580078,0.075799942016598,0.1306991577148402,0.074100494384762,0.0816001892089843,-0.0541000366210937,18.920439544865022,3.142648796561593,0.0,0.0,0.0,0.0,0.0,0.0,0.0,0.0,0.0,1.0,0.0,0.0,0.0,0.0,0.0,0.0,0.0,0.0,0.0,0.0,0.0,0.0,0.0,0.0
ZTF18abfwuwn,13,58334.18736110022,1.1478004455566406,1.2258357820954238,0.125,0.125,0.32368031037757594,0.32382208468905727,2.2956008911132812,1.79249599044579,0.5151844024658203,5.831513059544852,-0.023121601664613974,0.005312201536497093,12.731990342066409,-0.05913695875165423,0.026120434442292943,0.6043097395212431,0.0953616762156976,0.26045702064582915,0.2679879042302455,19.24054479598999,0.18385887145996094,2.0821933746337926,0.12111619760936707,0.09457231848674917,0.25,0.625,32.995091048143216,3.8174523254789468,3.159104462056265,1.646961411009282,2.999553731649383,1.6156548260485513,2.627927605604327,0.7570311189536683,2.675277652552152,0.7308786246953726,1.1173663923727108,0.0546875,0.03125,0.42704937045156643,13.619514131022417,2.345011945638178,0.7618599904663517,0.817645072098732,19.04083994251432,0.5433710763532409,0.37780133138562144,0.3745300436781804,0.15172170631063173,1.9604939200912028,0.40260269096082124,37.64553132220168,-1.4339395066722829,0.8658119778350761,0.3808574676513672,0.4227422836690613,0.16666666666666666,0.0,0.34180234142946775,0.8360258121629695,0.7617149353027344,0.7057306485266963,0.20187377929687145,2.774917781612551,-0.020075735460244652,0.005732390543271914,6.02038174221624,-0.019656907836377278,0.01501718213188132,0.24993814830778427,0.16887254876372462,0.48551785908579076,0.09932633014770906,19.092784881591797,0.10093688964843572,0.5607509613037109,0.04003409571520956,0.037091682232862806,0.0,0.3333333333333333,23.93852771949023,2.3768489493061242,29.923159649362788,2.3740931804306147,7.254099308936433,1.1445791023019887,4.693828964605927,1.0389204655324185,0.0,0.0,0.9150526873374691,0.0625,0.0,0.4792406253049319,7.269327050791465,1.5228320891436997,0.2671739264358417,0.7584070967613634,19.105233289491014,0.28481282329828295,0.3586268647284348,0.9332137712265481,0.03717547842485836,1.6367337025755422,0.2173688979730234,8.809523783026053,-1.085736736225586,0.854592548551704,0.2815380096435547,0.0159379001706838,0.2730030119419098,1.5630199909210205,1.0586299896240234,1.796449942048639e-05,4.232129867887125e-05,4.537990025710314e-05,3.907560110092163,26.890899658203125,0.2132019996643066,0.015192300081253,0.2040510028600692,1.4882700443267822,0.99795001745224,2.0107800082769245e-05,4.906200047116727e-05,5.534099909709767e-05,3.720679998397826,28.747100830078125,0.2332260012626648,0.0139346001669764,0.226174995303154,1.5109800100326538,1.0195399522781372,2.8156600819784217e-05,6.31121001788415e-05,6.756999937351793e-05,3.7774500846862793,19.26700019836425,0.228974997997284,0.011884800158441,0.2222650051116944,1.4308199882507324,0.9974870085716248,3.054580156458542e-05,6.879850116092713e-05,7.416400330839679e-05,3.5770599842071533,21.41679954528809,0.2493010014295578,-0.0230224002152681,0.2238949984312056,1.2088500261306765,0.8340510129928589,3.5717399441637106e-05,6.916959682712331e-05,6.581040361197665e-05,3.0221400260925293,8.657320022583008,0.0935993194580078,0.075799942016598,0.1306991577148402,0.074100494384762,0.0816001892089843,-0.0541000366210937,18.920439544865022,3.142648796561593,0.0,0.0,0.0,0.0,0.0,0.0,0.0,0.0,0.0,1.0,0.0,0.0,0.0,0.0,0.0,0.0,0.0,0.0,0.0,0.0,0.0,0.0,0.0,0.0
ZTF18abfwuwn,14,58337.18055560021,1.1478004455566406,1.1355638143593156,0.1111111111111111,0.1111111111111111,0.3301472818928753,0.32857656970626226,2.2956008911132812,1.6484091400680008,0.6285486221313477,5.55512709411256,-0.004253347334028718,0.004347305365663071,16.36983188329132,-0.03987001763316024,0.02430850694624938,0.6514775338087944,0.13016004204879617,0.2866324530108287,0.2679879042302455,19.266819847954643,0.22243690490723012,2.0140666961669957,0.12068242006176928,0.08665879380229319,0.1111111111111111,0.5555555555555556,36.221035875496455,4.00804725523167,3.164944882324933,1.5660572223906606,2.9907277328391566,1.0550311591856483,5.92707859780851,0.5106945943677986,2.6503196982070576,0.4457250507359214,1.3109952761764663,0.046875,0.03125,0.4855010462226479,14.4432580535381,2.2380438385635673,0.7170008505161783,0.8775127405260534,19.103689611702784,0.4396338142337856,0.39482952049873477,0.37488515452535,0.15270090938754394,0.8961920048531535,0.4036921225922004,32.963963165567236,-1.0716012406958555,0.8189485121934655,0.3808574676513672,0.4227422836690613,0.16666666666666666,0.0,0.34180234142946775,0.8360258121629695,0.7617149353027344,0.7057306485266963,0.20187377929687145,2.774917781612551,-0.020075735460244652,0.005732390543271914,6.02038174221624,-0.019656907836377278,0.01501718213188132,0.24993814830778427,0.16887254876372462,0.48551785908579076,0.09932633014770906,19.092784881591797,0.10093688964843572,0.5607509613037109,0.04003409571520956,0.037091682232862806,0.0,0.3333333333333333,23.93852771949023,2.3768489493061242,29.923159649362788,2.3740931804306147,7.254099308936433,1.1445791023019887,4.693828964605927,1.0389204655324185,0.0,0.0,0.9150526873374691,0.0625,0.0,0.4792406253049319,7.269327050791465,1.5228320891436997,0.2671739264358417,0.7584070967613634,19.105233289491014,0.28481282329828295,0.3586268647284348,0.9332137712265481,0.03717547842485836,1.6367337025755422,0.2173688979730234,8.809523783026053,-1.085736736225586,0.854592548551704,0.2815380096435547,0.0159379001706838,0.2730030119419098,1.5630199909210205,1.0586299896240234,1.796449942048639e-05,4.232129867887125e-05,4.537990025710314e-05,3.907560110092163,26.890899658203125,0.2132019996643066,0.015192300081253,0.2040510028600692,1.4882700443267822,0.99795001745224,2.0107800082769245e-05,4.906200047116727e-05,5.534099909709767e-05,3.720679998397826,28.747100830078125,0.2332260012626648,0.0139346001669764,0.226174995303154,1.5109800100326538,1.0195399522781372,2.8156600819784217e-05,6.31121001788415e-05,6.756999937351793e-05,3.7774500846862793,19.26700019836425,0.228974997997284,0.011884800158441,0.2222650051116944,1.4308199882507324,0.9974870085716248,3.054580156458542e-05,6.879850116092713e-05,7.416400330839679e-05,3.5770599842071533,21.41679954528809,0.2493010014295578,-0.0230224002152681,0.2238949984312056,1.2088500261306765,0.8340510129928589,3.5717399441637106e-05,6.916959682712331e-05,6.581040361197665e-05,3.0221400260925293,8.657320022583008,0.0935993194580078,0.075799942016598,0.1306991577148402,0.074100494384762,0.0816001892089843,-0.0541000366210937,18.920439544865022,3.142648796561593,0.0,0.0,0.0,0.0,0.0,0.0,0.0,0.0,0.0,1.0,0.0,0.0,0.0,0.0,0.0,0.0,0.0,0.0,0.0,0.0,0.0,0.0,0.0,0.0
ZTF18abfwuwn,15,58337.19354170002,1.1478004455566406,1.1355638143593156,0.1111111111111111,0.1111111111111111,0.3301472818928753,0.32857656970626226,2.2956008911132812,1.6484091400680008,0.6285486221313477,5.55512709411256,-0.004253347334028718,0.004347305365663071,16.36983188329132,-0.03987001763316024,0.02430850694624938,0.6514775338087944,0.13016004204879617,0.2866324530108287,0.2679879042302455,19.266819847954643,0.22243690490723012,2.0140666961669957,0.12068242006176928,0.08665879380229319,0.1111111111111111,0.5555555555555556,36.221035875496455,4.00804725523167,3.164944882324933,1.5660572223906606,2.9907277328391566,1.0550311591856483,5.92707859780851,0.5106945943677986,2.6503196982070576,0.4457250507359214,1.3109952761764663,0.046875,0.03125,0.4855010462226479,14.4432580535381,2.2380438385635673,0.7170008505161783,0.8775127405260534,19.103689611702784,0.4396338142337856,0.39482952049873477,0.37488515452535,0.15270090938754394,0.8961920048531535,0.4036921225922004,32.963963165567236,-1.0716012406958555,0.8189485121934655,0.3808574676513672,0.27854375654749364,0.2857142857142857,0.0,0.3752867900783645,0.8097299882411355,0.7617149353027344,0.6858027679159022,0.33153581619262695,0.4528300174194264,-0.006295014998187319,0.00454410718158829,7.926651338273511,-0.00689749272728296,0.013557393195593763,0.27705862835266404,0.16512205061655275,0.5515324306252578,0.09932633014770906,19.12615394592285,0.14268875122070312,0.5005035400390625,0.03990772890348929,0.03593054261483398,0.14285714285714285,0.2857142857142857,24.370321287688885,3.2386127704544534,7.4464870601271596,1.6660298127647983,4.703044459027679,1.6104489093588286,3.2298016164406955,1.128549293348602,2.577630136197863,0.6374963008873623,1.2322699727028736,0.0546875,0.015625,0.5435479623633881,6.925391897922222,0.9209996693284014,0.25938269728902696,0.8231408025917728,19.14158323911137,0.18702690050837645,0.3813704666416973,0.8570691503031549,0.03889086806412474,-0.2722578910846716,0.2206872862747171,7.651889440461432,-0.5127851021452778,0.8815427308120205,0.2815380096435547,0.0159379001706838,0.2730030119419098,1.5630199909210205,1.0586299896240234,1.796449942048639e-05,4.232129867887125e-05,4.537990025710314e-05,3.907560110092163,26.890899658203125,0.2132019996643066,0.015192300081253,0.2040510028600692,1.4882700443267822,0.99795001745224,2.0107800082769245e-05,4.906200047116727e-05,5.534099909709767e-05,3.720679998397826,28.747100830078125,0.2332260012626648,0.0139346001669764,0.226174995303154,1.5109800100326538,1.0195399522781372,2.8156600819784217e-05,6.31121001788415e-05,6.756999937351793e-05,3.7774500846862793,19.26700019836425,0.228974997997284,0.011884800158441,0.2222650051116944,1.4308199882507324,0.9974870085716248,3.054580156458542e-05,6.879850116092713e-05,7.416400330839679e-05,3.5770599842071533,21.41679954528809,0.2493010014295578,-0.0230224002152681,0.2238949984312056,1.2088500261306765,0.8340510129928589,3.5717399441637106e-05,6.916959682712331e-05,6.581040361197665e-05,3.0221400260925293,8.657320022583008,0.0935993194580078,0.075799942016598,0.1306991577148402,0.074100494384762,0.0816001892089843,-0.0541000366210937,18.920439544865022,3.142648796561593,0.0,0.0,0.0,0.0,0.0,0.0,0.0,0.0,0.0,1.0,0.0,0.0,0.0,0.0,0.0,0.0,0.0,0.0,0.0,0.0,0.0,0.0,0.0,0.0
ZTF18abfwuwn,16,58340.18288190011,1.1478004455566406,1.1355638143593156,0.1111111111111111,0.1111111111111111,0.3301472818928753,0.32857656970626226,2.2956008911132812,1.6484091400680008,0.6285486221313477,5.55512709411256,-0.004253347334028718,0.004347305365663071,16.36983188329132,-0.03987001763316024,0.02430850694624938,0.6514775338087944,0.13016004204879617,0.2866324530108287,0.2679879042302455,19.266819847954643,0.22243690490723012,2.0140666961669957,0.12068242006176928,0.08665879380229319,0.1111111111111111,0.5555555555555556,36.221035875496455,4.00804725523167,3.164944882324933,1.5660572223906606,2.9907277328391566,1.0550311591856483,5.92707859780851,0.5106945943677986,2.6503196982070576,0.4457250507359214,1.3109952761764663,0.046875,0.03125,0.4855010462226479,14.4432580535381,2.2380438385635673,0.7170008505161783,0.8775127405260534,19.103689611702784,0.4396338142337856,0.39482952049873477,0.37488515452535,0.15270090938754394,0.8961920048531535,0.4036921225922004,32.963963165567236,-1.0716012406958555,0.8189485121934655,0.3808574676513672,0.27027605609631367,0.375,0.0,0.40771197815280147,0.6692065811495957,0.7617149353027344,0.6958501608974075,0.4510631561279297,-1.1838643492309133,-0.0008276465168089549,0.004126553147172602,7.981612956920562,0.002587128153599732,0.012058234521365164,0.29248377647436197,0.19615962373533424,0.6878495177838996,0.09932633014770906,19.17118215560913,0.19107723236083984,0.47091102600097656,0.03984595136426871,0.036400509406996163,0.25,0.25,26.978775792114146,3.7594123119973455,3.2257231925353875,1.182121768659047,11.870661348530225,1.0238962445693403,6.451446385070775,0.3851962374360512,6.744693948028536,0.35276476258861006,1.5604305878158922,0.0703125,0.0390625,0.6605825601893078,6.847129212391897,0.42702280607253573,0.2718241351894574,0.8722720460310279,19.165449349412963,0.2157518999617099,0.40136278434586564,0.6861265393307319,0.04684199038471794,-1.2660083221533847,0.23893016245764925,7.200950728327269,-0.13121877570791993,0.9053728110712435,0.2815380096435547,0.0159379001706838,0.2730030119419098,1.5630199909210205,1.0586299896240234,1.796449942048639e-05,4.232129867887125e-05,4.537990025710314e-05,3.907560110092163,26.890899658203125,0.2132019996643066,0.015192300081253,0.2040510028600692,1.4882700443267822,0.99795001745224,2.0107800082769245e-05,4.906200047116727e-05,5.534099909709767e-05,3.720679998397826,28.747100830078125,0.2332260012626648,0.0139346001669764,0.226174995303154,1.5109800100326538,1.0195399522781372,2.8156600819784217e-05,6.31121001788415e-05,6.756999937351793e-05,3.7774500846862793,19.26700019836425,0.228974997997284,0.011884800158441,0.2222650051116944,1.4308199882507324,0.9974870085716248,3.054580156458542e-05,6.879850116092713e-05,7.416400330839679e-05,3.5770599842071533,21.41679954528809,0.2493010014295578,-0.0230224002152681,0.2238949984312056,1.2088500261306765,0.8340510129928589,3.5717399441637106e-05,6.916959682712331e-05,6.581040361197665e-05,3.0221400260925293,8.657320022583008,0.0935993194580078,0.075799942016598,0.1306991577148402,0.074100494384762,0.0816001892089843,-0.0541000366210937,18.920439544865022,3.142648796561593,0.0,0.0,0.0,0.0,0.0,0.0,0.0,0.0,0.0,1.0,0.0,0.0,0.0,0.0,0.0,0.0,0.0,0.0,0.0,0.0,0.0,0.0,0.0,0.0
ZTF18abfwuwn,17,58340.327048600186,1.1478004455566406,0.9672083416716494,0.1,0.1,0.34275818939529407,0.31742742449630146,2.2956008911132812,1.565352439880371,0.6712284088134766,4.812607043304172,-0.0026208674003676785,0.004261637531274956,14.775290427550894,-0.024714415189816735,0.02198343778073934,0.6760811364170322,0.158595445496512,0.32809109006975995,0.2679879042302455,19.303587913513184,0.3171100616455096,1.9161958694458043,0.12006466530626313,0.08187116388922183,0.2,0.2,35.69257966708392,4.044734950933495,3.158635368768488,1.4685138719596251,2.9497999724862742,1.0474804756276368,7.931684370463093,0.3564811777939053,4.0559749621686265,0.2076198689208915,1.583220705841595,0.0546875,0.0390625,0.5875957088181681,13.175615218474988,2.029276053060225,0.6859212714112572,0.8746608794423135,19.11032681626366,0.3631799805373395,0.4069412845812597,0.33994237324391113,0.15849590766004995,-0.024756165232197702,0.4145080843138003,29.32031169449144,-0.7217383869441308,0.786540419772414,0.3808574676513672,0.27027605609631367,0.375,0.0,0.40771197815280147,0.6692065811495957,0.7617149353027344,0.6958501608974075,0.4510631561279297,-1.1838643492309133,-0.0008276465168089549,0.004126553147172602,7.981612956920562,0.002587128153599732,0.012058234521365164,0.29248377647436197,0.19615962373533424,0.6878495177838996,0.09932633014770906,19.17118215560913,0.19107723236083984,0.47091102600097656,0.03984595136426871,0.036400509406996163,0.25,0.25,26.978775792114146,3.7594123119973455,3.2257231925353875,1.182121768659047,11.870661348530225,1.0238962445693403,6.451446385070775,0.3851962374360512,6.744693948028536,0.35276476258861006,1.5604305878158922,0.0703125,0.0390625,0.6605825601893078,6.847129212391897,0.42702280607253573,0.2718241351894574,0.8722720460310279,19.165449349412963,0.2157518999617099,0.40136278434586564,0.6861265393307319,0.04684199038471794,-1.2660083221533847,0.23893016245764925,7.200950728327269,-0.13121877570791993,0.9053728110712435,0.2815380096435547,0.0159379001706838,0.2730030119419098,1.5630199909210205,1.0586299896240234,1.796449942048639e-05,4.232129867887125e-05,4.537990025710314e-05,3.907560110092163,26.890899658203125,0.2132019996643066,0.015192300081253,0.2040510028600692,1.4882700443267822,0.99795001745224,2.0107800082769245e-05,4.906200047116727e-05,5.534099909709767e-05,3.720679998397826,28.747100830078125,0.2332260012626648,0.0139346001669764,0.226174995303154,1.5109800100326538,1.0195399522781372,2.8156600819784217e-05,6.31121001788415e-05,6.756999937351793e-05,3.7774500846862793,19.26700019836425,0.228974997997284,0.011884800158441,0.2222650051116944,1.4308199882507324,0.9974870085716248,3.054580156458542e-05,6.879850116092713e-05,7.416400330839679e-05,3.5770599842071533,21.41679954528809,0.2493010014295578,-0.0230224002152681,0.2238949984312056,1.2088500261306765,0.8340510129928589,3.5717399441637106e-05,6.916959682712331e-05,6.581040361197665e-05,3.0221400260925293,8.657320022583008,0.0935993194580078,0.075799942016598,0.1306991577148402,0.074100494384762,0.0816001892089843,-0.0541000366210937,18.920439544865022,3.142648796561593,0.0,0.0,0.0,0.0,0.0,0.0,0.0,0.0,0.0,1.0,0.0,0.0,0.0,0.0,0.0,0.0,0.0,0.0,0.0,0.0,0.0,0.0,0.0,0.0
ZTF18abfwuwn,18,58343.16002310021,1.1478004455566406,0.9672083416716494,0.1,0.1,0.34275818939529407,0.31742742449630146,2.2956008911132812,1.565352439880371,0.6712284088134766,4.812607043304172,-0.0026208674003676785,0.004261637531274956,14.775290427550894,-0.024714415189816735,0.02198343778073934,0.6760811364170322,0.158595445496512,0.32809109006975995,0.2679879042302455,19.303587913513184,0.3171100616455096,1.9161958694458043,0.12006466530626313,0.08187116388922183,0.2,0.2,35.69257966708392,4.044734950933495,3.158635368768488,1.4685138719596251,2.9497999724862742,1.0474804756276368,7.931684370463093,0.3564811777939053,4.0559749621686265,0.2076198689208915,1.583220705841595,0.0546875,0.0390625,0.5875957088181681,13.175615218474988,2.029276053060225,0.6859212714112572,0.8746608794423135,19.11032681626366,0.3631799805373395,0.4069412845812597,0.33994237324391113,0.15849590766004995,-0.024756165232197702,0.4145080843138003,29.32031169449144,-0.7217383869441308,0.786540419772414,0.3808574676513672,0.35838403865954216,0.3333333333333333,0.0,0.4293604503791378,0.5196711951596761,0.7617149353027344,0.6997344719870853,0.5416698455810618,-1.686166802325594,0.006551806809814951,0.0034677668243383204,8.396334132599112,0.00838271034433464,0.010302072005434634,0.2902370491957634,0.28293937914141487,0.762393163170491,0.09932633014770906,19.213381661309135,0.20187377929687145,0.4413185119628942,0.039784364793848705,0.03654712570563059,0.1111111111111111,0.2222222222222222,29.602035920463756,3.9059960416211856,3.2239841101495177,1.0089864945333868,13.024895805004052,0.9772341778400953,7.078747720110899,0.5871198309062506,4.933672653410626,0.15680106182643824,1.8330782665438041,0.0625,0.0390625,0.7798013808350792,7.79299528248578,0.12218947055181076,0.2840413701285123,0.9124714127956711,19.210351607063057,0.3246623985779873,0.4223910233613097,0.5408698399101106,0.055145488207305526,-1.5220138599790927,0.25565145054501653,7.623695820464222,0.11823275739301363,0.9109112342979607,0.2815380096435547,0.0159379001706838,0.2730030119419098,1.5630199909210205,1.0586299896240234,1.796449942048639e-05,4.232129867887125e-05,4.537990025710314e-05,3.907560110092163,26.890899658203125,0.2132019996643066,0.015192300081253,0.2040510028600692,1.4882700443267822,0.99795001745224,2.0107800082769245e-05,4.906200047116727e-05,5.534099909709767e-05,3.720679998397826,28.747100830078125,0.2332260012626648,0.0139346001669764,0.226174995303154,1.5109800100326538,1.0195399522781372,2.8156600819784217e-05,6.31121001788415e-05,6.756999937351793e-05,3.7774500846862793,19.26700019836425,0.228974997997284,0.011884800158441,0.2222650051116944,1.4308199882507324,0.9974870085716248,3.054580156458542e-05,6.879850116092713e-05,7.416400330839679e-05,3.5770599842071533,21.41679954528809,0.2493010014295578,-0.0230224002152681,0.2238949984312056,1.2088500261306765,0.8340510129928589,3.5717399441637106e-05,6.916959682712331e-05,6.581040361197665e-05,3.0221400260925293,8.657320022583008,0.0935993194580078,0.075799942016598,0.1306991577148402,0.074100494384762,0.0816001892089843,-0.0541000366210937,18.920439544865022,3.142648796561593,0.0,0.0,0.0,0.0,0.0,0.0,0.0,0.0,0.0,1.0,0.0,0.0,0.0,0.0,0.0,0.0,0.0,0.0,0.0,0.0,0.0,0.0,0.0,0.0
ZTF18abfwuwn,19,58343.17982639978,1.1478004455566406,0.724733740926566,0.09090909090909091,0.09090909090909091,0.3619115322272521,0.31252729235986293,2.2956008911132812,1.6104118016901339,0.7693915367126465,3.03692467239199,0.008249443517385694,0.0037974902957984813,16.64351466362929,-0.010911197830253346,0.02023726584137274,0.7050075318987208,0.18569467984975296,0.4137508916529573,0.2679879042302455,19.362626856023613,0.41178321838378906,1.818325042724613,0.11648200249458078,0.08379890779937212,0.09090909090909091,0.2727272727272727,38.47370944996365,4.357329777954221,8.744024874991737,0.38792107742702037,3.1279438577206222,0.37148847423968095,6.87030525892208,0.10785519229203624,3.4976099499966953,0.006323907313252516,1.87189832587112,0.0703125,0.046875,0.7090340364687915,15.45106969969288,1.623747677086721,0.679544520673401,0.8839685631986157,19.15921104806067,0.31142395208277224,0.4130142233322719,0.3047753872811178,0.18337273531218926,-0.8270912550164318,0.44393458036143135,27.695770861305697,-0.41149383471792506,0.8307432854792677,0.3808574676513672,0.35838403865954216,0.3333333333333333,0.0,0.4293604503791378,0.5196711951596761,0.7617149353027344,0.6997344719870853,0.5416698455810618,-1.686166802325594,0.006551806809814951,0.0034677668243383204,8.396334132599112,0.00838271034433464,0.010302072005434634,0.2902370491957634,0.28293937914141487,0.762393163170491,0.09932633014770906,19.213381661309135,0.20187377929687145,0.4413185119628942,0.039784364793848705,0.03654712570563059,0.1111111111111111,0.2222222222222222,29.602035920463756,3.9059960416211856,3.2239841101495177,1.0089864945333868,13.024895805004052,0.9772341778400953,7.078747720110899,0.5871198309062506,4.933672653410626,0.15680106182643824,1.8330782665438041,0.0625,0.0390625,0.7798013808350792,7.79299528248578,0.12218947055181076,0.2840413701285123,0.9124714127956711,19.210351607063057,0.3246623985779873,0.4223910233613097,0.5408698399101106,0.055145488207305526,-1.5220138599790927,0.25565145054501653,7.623695820464222,0.11823275739301363,0.9109112342979607,0.2815380096435547,0.0159379001706838,0.2730030119419098,1.5630199909210205,1.0586299896240234,1.796449942048639e-05,4.232129867887125e-05,4.537990025710314e-05,3.907560110092163,26.890899658203125,0.2132019996643066,0.015192300081253,0.2040510028600692,1.4882700443267822,0.99795001745224,2.0107800082769245e-05,4.906200047116727e-05,5.534099909709767e-05,3.720679998397826,28.747100830078125,0.2332260012626648,0.0139346001669764,0.226174995303154,1.5109800100326538,1.0195399522781372,2.8156600819784217e-05,6.31121001788415e-05,6.756999937351793e-05,3.7774500846862793,19.26700019836425,0.228974997997284,0.011884800158441,0.2222650051116944,1.4308199882507324,0.9974870085716248,3.054580156458542e-05,6.879850116092713e-05,7.416400330839679e-05,3.5770599842071533,21.41679954528809,0.2493010014295578,-0.0230224002152681,0.2238949984312056,1.2088500261306765,0.8340510129928589,3.5717399441637106e-05,6.916959682712331e-05,6.581040361197665e-05,3.0221400260925293,8.657320022583008,0.0935993194580078,0.075799942016598,0.1306991577148402,0.074100494384762,0.0816001892089843,-0.0541000366210937,18.920439544865022,3.142648796561593,0.0,0.0,0.0,0.0,0.0,0.0,0.0,0.0,0.0,1.0,0.0,0.0,0.0,0.0,0.0,0.0,0.0,0.0,0.0,0.0,0.0,0.0,0.0,0.0
ZTF18abfwuwn,20,58346.15645830007,1.1478004455566406,0.6572228203252541,0.16666666666666666,0.08333333333333333,0.37994885321048044,0.3210055293104133,2.2956008911132812,1.9247429089409707,0.9480724334716797,0.5349500026369434,0.01452377724999618,0.0036139752480011844,17.87356923443146,0.004731574860230849,0.01965213925001344,0.7687146070575646,0.16888848818533359,0.5391381863551976,0.2679879042302455,19.462841351826984,0.4720926284790039,1.7181215286254918,0.11609104224758719,0.09963583029169978,0.16666666666666666,0.25,41.40297970937735,4.535300189311203,9.409768115767578,0.2967675607506848,7.527814492614063,0.29639305202529886,18.00129552581624,0.28812808964127146,4.182119162563368,0.04180946217184403,2.297557296303289,0.0625,0.046875,0.8706296000560213,17.716936177024117,1.1286621966767467,0.7350619218255613,0.8854553008652342,19.190225238073598,0.326986048142546,0.4197012199827684,0.26628768105095574,0.23567230630649344,-1.2663652000217125,0.5001917309918693,29.326957782129103,-0.22974631340353888,0.8831959316477974,0.3808574676513672,0.35838403865954216,0.3333333333333333,0.0,0.4293604503791378,0.5196711951596761,0.7617149353027344,0.6997344719870853,0.5416698455810618,-1.686166802325594,0.006551806809814951,0.0034677668243383204,8.396334132599112,0.00838271034433464,0.010302072005434634,0.2902370491957634,0.28293937914141487,0.762393163170491,0.09932633014770906,19.213381661309135,0.20187377929687145,0.4413185119628942,0.039784364793848705,0.03654712570563059,0.1111111111111111,0.2222222222222222,29.602035920463756,3.9059960416211856,3.2239841101495177,1.0089864945333868,13.024895805004052,0.9772341778400953,7.078747720110899,0.5871198309062506,4.933672653410626,0.15680106182643824,1.8330782665438041,0.0625,0.0390625,0.7798013808350792,7.79299528248578,0.12218947055181076,0.2840413701285123,0.9124714127956711,19.210351607063057,0.3246623985779873,0.4223910233613097,0.5408698399101106,0.055145488207305526,-1.5220138599790927,0.25565145054501653,7.623695820464222,0.11823275739301363,0.9109112342979607,0.2815380096435547,0.0159379001706838,0.2730030119419098,1.5630199909210205,1.0586299896240234,1.796449942048639e-05,4.232129867887125e-05,4.537990025710314e-05,3.907560110092163,26.890899658203125,0.2132019996643066,0.015192300081253,0.2040510028600692,1.4882700443267822,0.99795001745224,2.0107800082769245e-05,4.906200047116727e-05,5.534099909709767e-05,3.720679998397826,28.747100830078125,0.2332260012626648,0.0139346001669764,0.226174995303154,1.5109800100326538,1.0195399522781372,2.8156600819784217e-05,6.31121001788415e-05,6.756999937351793e-05,3.7774500846862793,19.26700019836425,0.228974997997284,0.011884800158441,0.2222650051116944,1.4308199882507324,0.9974870085716248,3.054580156458542e-05,6.879850116092713e-05,7.416400330839679e-05,3.5770599842071533,21.41679954528809,0.2493010014295578,-0.0230224002152681,0.2238949984312056,1.2088500261306765,0.8340510129928589,3.5717399441637106e-05,6.916959682712331e-05,6.581040361197665e-05,3.0221400260925293,8.657320022583008,0.0935993194580078,0.075799942016598,0.1306991577148402,0.074100494384762,0.0816001892089843,-0.0541000366210937,18.920439544865022,3.142648796561593,0.0,0.0,0.0,0.0,0.0,0.0,0.0,0.0,0.0,1.0,0.0,0.0,0.0,0.0,0.0,0.0,0.0,0.0,0.0,0.0,0.0,0.0,0.0,0.0
ZTF18abfwuwn,21,58346.17971060006,1.1478004455566406,0.6572228203252541,0.16666666666666666,0.08333333333333333,0.37994885321048044,0.3210055293104133,2.2956008911132812,1.9247429089409707,0.9480724334716797,0.5349500026369434,0.01452377724999618,0.0036139752480011844,17.87356923443146,0.004731574860230849,0.01965213925001344,0.7687146070575646,0.16888848818533359,0.5391381863551976,0.2679879042302455,19.462841351826984,0.4720926284790039,1.7181215286254918,0.11609104224758719,0.09963583029169978,0.16666666666666666,0.25,41.40297970937735,4.535300189311203,9.409768115767578,0.2967675607506848,7.527814492614063,0.29639305202529886,18.00129552581624,0.28812808964127146,4.182119162563368,0.04180946217184403,2.297557296303289,0.0625,0.046875,0.8706296000560213,17.716936177024117,1.1286621966767467,0.7350619218255613,0.8854553008652342,19.190225238073598,0.326986048142546,0.4197012199827684,0.26628768105095574,0.23567230630649344,-1.2663652000217125,0.5001917309918693,29.326957782129103,-0.22974631340353888,0.8831959316477974,0.40725803375243963,0.4206065420297863,0.4,0.0,0.4371684523394387,0.4129175422239536,0.8145160675048793,0.7288541793823242,0.584569931030277,-1.7487059969431025,0.011108896557192317,0.003014974722834317,8.231149383005942,0.012507726716218538,0.008818354547793754,0.2843317286511879,0.3558908863551759,0.7536758765551819,0.09932633014770906,19.256064224243165,0.280917167663576,0.4105367660522461,0.042342816271584954,0.03788966214122928,0.0,0.0,35.515444888733334,3.7977758672212225,3.199589629615615,1.1299554549769402,2.864148781349462,1.027210093909728,14.79810203697222,0.4133067864523147,4.612395440095238,0.08605683873616723,2.107950690967011,0.0546875,0.0390625,0.9124525994893812,8.825030931739207,-0.047568227484617115,0.2998885173659278,0.9226852101541894,19.25251722778033,0.4184648063799604,0.43253529327697565,0.4394817420525414,0.06484548138142944,-1.516630661987846,0.27401995337034385,8.242482527613852,0.2763435745636341,0.9118004113531551,0.2815380096435547,0.0159379001706838,0.2730030119419098,1.5630199909210205,1.0586299896240234,1.796449942048639e-05,4.232129867887125e-05,4.537990025710314e-05,3.907560110092163,26.890899658203125,0.2132019996643066,0.015192300081253,0.2040510028600692,1.4882700443267822,0.99795001745224,2.0107800082769245e-05,4.906200047116727e-05,5.534099909709767e-05,3.720679998397826,28.747100830078125,0.2332260012626648,0.0139346001669764,0.226174995303154,1.5109800100326538,1.0195399522781372,2.8156600819784217e-05,6.31121001788415e-05,6.756999937351793e-05,3.7774500846862793,19.26700019836425,0.228974997997284,0.011884800158441,0.2222650051116944,1.4308199882507324,0.9974870085716248,3.054580156458542e-05,6.879850116092713e-05,7.416400330839679e-05,3.5770599842071533,21.41679954528809,0.2493010014295578,-0.0230224002152681,0.2238949984312056,1.2088500261306765,0.8340510129928589,3.5717399441637106e-05,6.916959682712331e-05,6.581040361197665e-05,3.0221400260925293,8.657320022583008,0.0935993194580078,0.075799942016598,0.1306991577148402,0.074100494384762,0.0816001892089843,-0.0541000366210937,18.920439544865022,3.142648796561593,0.0,0.0,0.0,0.0,0.0,0.0,0.0,0.0,0.0,1.0,0.0,0.0,0.0,0.0,0.0,0.0,0.0,0.0,0.0,0.0,0.0,0.0,0.0,0.0
ZTF18abfwuwn,22,58356.223842599895,1.1478004455566406,0.6572228203252541,0.16666666666666666,0.08333333333333333,0.37994885321048044,0.3210055293104133,2.2956008911132812,1.9247429089409707,0.9480724334716797,0.5349500026369434,0.01452377724999618,0.0036139752480011844,17.87356923443146,0.004731574860230849,0.01965213925001344,0.7687146070575646,0.16888848818533359,0.5391381863551976,0.2679879042302455,19.462841351826984,0.4720926284790039,1.7181215286254918,0.11609104224758719,0.09963583029169978,0.16666666666666666,0.25,41.40297970937735,4.535300189311203,9.409768115767578,0.2967675607506848,7.527814492614063,0.29639305202529886,18.00129552581624,0.28812808964127146,4.182119162563368,0.04180946217184403,2.297557296303289,0.0625,0.046875,0.8706296000560213,17.716936177024117,1.1286621966767467,0.7350619218255613,0.8854553008652342,19.190225238073598,0.326986048142546,0.4197012199827684,0.26628768105095574,0.23567230630649344,-1.2663652000217125,0.5001917309918693,29.326957782129103,-0.22974631340353888,0.8831959316477974,0.5947046279907227,0.2968893135240567,0.2727272727272727,0.0,0.41232137823580406,0.3691714101553087,1.1894092559814453,0.8933596106335209,0.5817675590515172,-0.5706307536686595,0.012259498948743945,0.0029217376196769562,7.582327219242767,0.018825097650245967,0.0072773744905445335,0.29147967335993485,0.30278928699912966,0.5524819209016012,0.09932633014770906,19.3250675201416,0.26103782653808594,0.6887321472167969,0.06026680085126514,0.04622490864765948,0.09090909090909091,0.09090909090909091,46.2088356396649,4.177502321068106,14.002677466565121,1.1628424870119636,4.715187310169888,0.3555979313077468,6.896841140248492,0.20551745154861825,23.10441781983245,0.035658416232602866,2.0920371521357097,0.0546875,0.0390625,0.8433898781794648,8.58470389833344,0.3728173062246469,0.3651243813503305,0.9284629912439865,19.26057636750888,0.3113485105819348,0.42573686085625645,0.45846329910496286,0.08943214798058027,-1.1521483246215567,0.3185749837176847,8.28344804841681,0.14133743557709944,0.9187159802441963,0.2815380096435547,0.0159379001706838,0.2730030119419098,1.5630199909210205,1.0586299896240234,1.796449942048639e-05,4.232129867887125e-05,4.537990025710314e-05,3.907560110092163,26.890899658203125,0.2132019996643066,0.015192300081253,0.2040510028600692,1.4882700443267822,0.99795001745224,2.0107800082769245e-05,4.906200047116727e-05,5.534099909709767e-05,3.720679998397826,28.747100830078125,0.2332260012626648,0.0139346001669764,0.226174995303154,1.5109800100326538,1.0195399522781372,2.8156600819784217e-05,6.31121001788415e-05,6.756999937351793e-05,3.7774500846862793,19.26700019836425,0.228974997997284,0.011884800158441,0.2222650051116944,1.4308199882507324,0.9974870085716248,3.054580156458542e-05,6.879850116092713e-05,7.416400330839679e-05,3.5770599842071533,21.41679954528809,0.2493010014295578,-0.0230224002152681,0.2238949984312056,1.2088500261306765,0.8340510129928589,3.5717399441637106e-05,6.916959682712331e-05,6.581040361197665e-05,3.0221400260925293,8.657320022583008,0.0935993194580078,0.075799942016598,0.1306991577148402,0.074100494384762,0.0816001892089843,-0.0541000366210937,18.920439544865022,3.142648796561593,0.0,0.0,0.0,0.0,0.0,0.0,0.0,0.0,0.0,1.0,0.0,0.0,0.0,0.0,0.0,0.0,0.0,0.0,0.0,0.0,0.0,0.0,0.0,0.0
ZTF18abfwuwn,23,58362.15631939983,1.1478004455566406,0.6572228203252541,0.16666666666666666,0.08333333333333333,0.37994885321048044,0.3210055293104133,2.2956008911132812,1.9247429089409707,0.9480724334716797,0.5349500026369434,0.01452377724999618,0.0036139752480011844,17.87356923443146,0.004731574860230849,0.01965213925001344,0.7687146070575646,0.16888848818533359,0.5391381863551976,0.2679879042302455,19.462841351826984,0.4720926284790039,1.7181215286254918,0.11609104224758719,0.09963583029169978,0.16666666666666666,0.25,41.40297970937735,4.535300189311203,9.409768115767578,0.2967675607506848,7.527814492614063,0.29639305202529886,18.00129552581624,0.28812808964127146,4.182119162563368,0.04180946217184403,2.297557296303289,0.0625,0.046875,0.8706296000560213,17.716936177024117,1.1286621966767467,0.7350619218255613,0.8854553008652342,19.190225238073598,0.326986048142546,0.4197012199827684,0.26628768105095574,0.23567230630649344,-1.2663652000217125,0.5001917309918693,29.326957782129103,-0.22974631340353888,0.8831959316477974,0.7508115768432599,0.32946843730817016,0.3333333333333333,0.08333333333333333,0.3968835086733739,0.2583691214320256,1.5016231536865199,1.2001073306109902,0.5871515274047852,-0.025888656598574755,0.017164492766526526,0.0025765766118880317,8.091821216548515,0.02399265631298196,0.0061813434214294995,0.2998690263704393,0.22723016370756935,0.48919040818635245,0.09932633014770906,19.40858809153239,0.2898788452148455,0.9209403991699183,0.07515826394280124,0.06184088444304152,0.0,0.25,58.10970812076421,3.986374605190081,23.772153322130812,0.6119820344706541,15.848102214753876,0.39461510187890975,6.973164974491706,0.08537845020740184,5.943038330532703,-0.07186135803389983,2.2439930323979635,0.0703125,0.046875,0.9789608494640487,11.390640001551098,0.6862714326060577,0.4526636991854866,0.8928910261441371,19.295594819682872,0.2483201196653257,0.41417405173097704,0.37199271889402086,0.12585472432431374,-0.9918710171578438,0.3721090004312004,13.776117722260222,0.0285342090135867,0.8141100761159924,0.2815380096435547,0.0159379001706838,0.2730030119419098,1.5630199909210205,1.0586299896240234,1.796449942048639e-05,4.232129867887125e-05,4.537990025710314e-05,3.907560110092163,26.890899658203125,0.2132019996643066,0.015192300081253,0.2040510028600692,1.4882700443267822,0.99795001745224,2.0107800082769245e-05,4.906200047116727e-05,5.534099909709767e-05,3.720679998397826,28.747100830078125,0.2332260012626648,0.0139346001669764,0.226174995303154,1.5109800100326538,1.0195399522781372,2.8156600819784217e-05,6.31121001788415e-05,6.756999937351793e-05,3.7774500846862793,19.26700019836425,0.228974997997284,0.011884800158441,0.2222650051116944,1.4308199882507324,0.9974870085716248,3.054580156458542e-05,6.879850116092713e-05,7.416400330839679e-05,3.5770599842071533,21.41679954528809,0.2493010014295578,-0.0230224002152681,0.2238949984312056,1.2088500261306765,0.8340510129928589,3.5717399441637106e-05,6.916959682712331e-05,6.581040361197665e-05,3.0221400260925293,8.657320022583008,0.0935993194580078,0.075799942016598,0.1306991577148402,0.074100494384762,0.0816001892089843,-0.0541000366210937,18.920439544865022,3.142648796561593,0.0,0.0,0.0,0.0,0.0,0.0,0.0,0.0,0.0,1.0,0.0,0.0,0.0,0.0,0.0,0.0,0.0,0.0,0.0,0.0,0.0,0.0,0.0,0.0
ZTF18abfwuwn,24,58365.158819399774,1.1478004455566406,0.6572228203252541,0.16666666666666666,0.08333333333333333,0.37994885321048044,0.3210055293104133,2.2956008911132812,1.9247429089409707,0.9480724334716797,0.5349500026369434,0.01452377724999618,0.0036139752480011844,17.87356923443146,0.004731574860230849,0.01965213925001344,0.7687146070575646,0.16888848818533359,0.5391381863551976,0.2679879042302455,19.462841351826984,0.4720926284790039,1.7181215286254918,0.11609104224758719,0.09963583029169978,0.16666666666666666,0.25,41.40297970937735,4.535300189311203,9.409768115767578,0.2967675607506848,7.527814492614063,0.29639305202529886,18.00129552581624,0.28812808964127146,4.182119162563368,0.04180946217184403,2.297557296303289,0.0625,0.046875,0.8706296000560213,17.716936177024117,1.1286621966767467,0.7350619218255613,0.8854553008652342,19.190225238073598,0.326986048142546,0.4197012199827684,0.26628768105095574,0.23567230630649344,-1.2663652000217125,0.5001917309918693,29.326957782129103,-0.22974631340353888,0.8831959316477974,0.7508115768432599,0.37616887112452996,0.46153846153846156,0.0,0.39775601801153604,0.19516593567396004,1.5016231536865199,1.3411678072943687,0.6771516799926722,-0.7886696032858782,0.019231691654234384,0.0023348548472361032,7.6834272513969575,0.02515916936738118,0.005137716428105279,0.28793733054930165,0.1968159331815764,0.6789863945339067,0.09932633014770906,19.47294807434082,0.39947700500488637,0.8409347534179616,0.07551621994511275,0.06882590985156327,0.15384615384615385,0.23076923076923078,68.98532495775726,5.448442118172365,2.9512438484602033,1.589111347795243,3.2273836237547253,1.3132289389108058,25.085572711911727,1.0558394118742334,16.723715141274486,0.290628510440014,2.795732813538003,0.046875,0.03125,0.9175458820420206,12.696857206780997,0.5021382122776986,0.4916073147129234,0.8882742734899018,19.321695357941717,0.2846671957308722,0.41691778678607,0.29599039166344976,0.15298965217918706,-1.1393320738473554,0.407619509398417,15.324382439988696,0.11516924340498855,0.8170592193914253,0.2815380096435547,0.0159379001706838,0.2730030119419098,1.5630199909210205,1.0586299896240234,1.796449942048639e-05,4.232129867887125e-05,4.537990025710314e-05,3.907560110092163,26.890899658203125,0.2132019996643066,0.015192300081253,0.2040510028600692,1.4882700443267822,0.99795001745224,2.0107800082769245e-05,4.906200047116727e-05,5.534099909709767e-05,3.720679998397826,28.747100830078125,0.2332260012626648,0.0139346001669764,0.226174995303154,1.5109800100326538,1.0195399522781372,2.8156600819784217e-05,6.31121001788415e-05,6.756999937351793e-05,3.7774500846862793,19.26700019836425,0.228974997997284,0.011884800158441,0.2222650051116944,1.4308199882507324,0.9974870085716248,3.054580156458542e-05,6.879850116092713e-05,7.416400330839679e-05,3.5770599842071533,21.41679954528809,0.2493010014295578,-0.0230224002152681,0.2238949984312056,1.2088500261306765,0.8340510129928589,3.5717399441637106e-05,6.916959682712331e-05,6.581040361197665e-05,3.0221400260925293,8.657320022583008,0.0935993194580078,0.075799942016598,0.1306991577148402,0.074100494384762,0.0816001892089843,-0.0541000366210937,18.920439544865022,3.142648796561593,0.0,0.0,0.0,0.0,0.0,0.0,0.0,0.0,0.0,1.0,0.0,0.0,0.0,0.0,0.0,0.0,0.0,0.0,0.0,0.0,0.0,0.0,0.0,0.0
